5.8669939911440920E-002 37269.98371679623
0.13467199314975414 69224.60481502282
0.21112287959042444 93917.92401412924
0.28767517659599873 111584.42803605726
0.36426594102255982 123631.87964135743
0.44087531992781887 131671.0375229137
0.51749510167161528 137029.76635465128
0.59412128119388141 140649.605482187
0.67075167404598057 143149.22178336352
0.74738498804556652 144921.17202160897
0.82402041013842586 146212.07207329286
0.90065740325949140 147177.69169427286
0.97729559842969582 147917.87440174463
1.0539347337917728 148497.90004405755
1.1305746183769283 148961.41608116552
1.2072151096419583 149338.28682469914
1.2838560990398211 149649.41453196688
1.3604975024548500 149909.74682429613
1.4371392536984735 150130.19016771574
1.5137812999741365 150318.85070982695
1.5904235986543152 150481.85619825442
1.6670661149456472 150623.91033550992
1.7437088201676894 150748.67479078556
1.8203516904670671 150859.03651811395
1.8969947058436927 150957.29832527842
1.9736378494021953 151045.3162177942
2.0502811067730136 151124.60020636357
2.1269244656564084 151196.38900830832
2.2035679154631165 151261.70656541124
2.2802114470273032 151321.40533464612
2.3568550523750504 151376.200236153
2.4334987245365833 151426.6952004958
2.5101424573930387 151473.40380109113
2.5867862455507407 151516.76500143707
2.6634300842363627 151557.15551241447
2.7400739692108713 151594.89983023235
2.8167178966962143 151630.27869259522
2.8933618633147984 151663.53611726195
2.9700058660374604 151694.8851750806
3.0466499021397735 151724.51261437294
3.1232939691648922 151752.58259734703
3.1999380648910494 151779.23978253145
3.2765821873043870 151804.61197186433
3.3532263345753992 151828.81246003113
3.4298705050375728 151851.9421232098
3.5065146971705885 151874.0911939469
3.5831589095839460 151895.3406591721
3.6598031410035330 151915.7633450381
3.7364473902600470 151935.4247872459
3.8130916562777437 151954.38400243106
3.8897359380662118 151972.69418889604
3.9663802347110604 151990.40338424835
4.0430245453675688 152007.55506904278
4.1196688692537897 152024.1887247575
4.1963132056448460 152040.34028649612
4.2729575538678315 152056.0425060343
4.3496019132973363 152071.3252626417
4.4262462833512615 152086.2158824683
4.5028906634871415 152100.73943284884
4.5795350531988355 152114.918960911
4.6561794520134532 152128.7756574279
4.7328238594887386 152142.32902215837
4.8094682752106976 152155.5970603491
4.8861126987912913 152168.59647230618
4.9627571298664952 152181.3427639483
5.0394015680942337 152193.8503091102
5.1160460131531398 152206.13239984005
5.1926904647407248 152218.20128806087
5.2693349225721811 152230.06820899172
5.3459793863788105 152241.74344400602
5.4226238559074567 152253.23646222535
5.4992683309187242 152264.5561052598
5.5759128111866385 152275.71071970975
5.6525572964973136 152286.7081943002
5.7292017866483480 152297.55594267053
5.8058462814481437 152308.26090101598
5.8824907807149680 152318.82955337598
5.9591352842764440 152329.26796772153
6.0357797919689657 152339.58184161177
6.1124243036371482 152349.7765433686
6.1890688191333147 152359.85711707894
6.2657133383169636 152369.8282568059
6.3423578610544427 152379.69430430004
6.4190023872183559 152389.45930226526
6.4956469166875817 152399.12707880806
6.5722914493463280 152408.7013074901
6.6489359850844130 152418.18551619927
6.7255805237964923 152427.5830528384
6.8022250653820819 152436.89704155302
6.8788696097451023 152446.1303595657
6.9555141567937664 152455.28565279001
7.0321587064402102 152464.36537938533
7.1088032586004521 152473.37186317059
7.1854478131940498 152482.30733916062
7.2620923701439795 152491.1739803405
7.3387369293763092 152499.97389892326
7.4153814908204030 152508.70913961664
7.4920260544083108 152517.38167931826
7.5686706200749203 152525.99342450523
7.6453151877576815 152534.54618812923
7.7219597573966166 152543.04165556334
7.7986043289339912 152551.48136356837
7.8752489023144427 152559.86670910398
7.9518934774846164 152568.19898042112
8.0285380543932927 152576.47938859335
8.1051826329910881 152584.70908277566
8.1818272132306227 152592.88915376316
8.2584717950661393 152601.0206381809
8.3351163784536357 152609.10453213885
8.4117609633506216 152617.14181459683
8.4884055497162940 152625.13346850124
8.5650501375111716 152633.0804826297
8.6416947266972244 152640.98383279753
8.7183393172377777 152648.84445505755
8.7949839090974233 152656.6632197965
8.8716285022419630 152664.44091564085
8.9482730966384203 152672.17825233878
9.0249176922548120 152679.8758819008
9.1015622890603538 152687.53442713563
9.1782068870252989 152695.1545051392
9.2548514861207991 152702.73673510546
9.3314960863189889 152710.2817312455
9.4081406875929350 152717.7900859015
9.4847852899165925 152725.26234592008
9.5614298932646431 152732.6989942854
9.6380744976126760 152740.10045907093
9.7147191029370372 152747.46714779266
9.7913637092148047 152754.79948450648
9.8680083164237171 152762.09793476498
9.9446529245422717 152769.36300684515
10.021297533549603 152776.59521692968
10.097942143425501 152783.7950386512
10.174586754150265 152790.9628800768
10.251231365704900 152798.09910512756
10.327875978070882 152805.2040709757
10.404520591230371 152812.27813666777
10.481165205165860 152819.32163002863
10.557809819860491 152826.33481710163
10.634454435297879 152833.3179213676
10.711099051462009 152840.2711742873
10.787743668337438 152847.194843399
10.864388285909117 152854.0892228522
10.941032904162359 152860.95460823813
11.017677523082998 152867.79127685665
11.094322142657182 152874.59948055263
11.170966762871425 152881.3794461105
11.247611383712673 152888.13137784044
11.324256005168218 152894.8554629
11.400900627225599 152901.55187787904
11.477545249872808 152908.22079474453
11.554189873098112 152914.86238878674
11.630834496890049 152921.4768457568
11.707479121237498 152928.06436164246
11.784123746129628 152934.62513415085
11.860768371555890 152941.1593494403
11.937412997505978 152947.66717133185
12.014057623969837 152954.148741846
12.090702250937733 152960.60419179336
12.167346878400153 152967.03365431886
12.243991506347752 152973.43727424
12.320636134771535 152979.81520443244
12.397280763662613 152986.16759058414
12.473925393012433 152992.49455874384
12.550570022812517 152998.79621292415
12.627214653054713 153005.0726444273
12.703859283731017 153011.32395432418
12.780503914833593 153017.5502760706
12.857148546354850 153023.75177763068
12.933793178287312 153029.928640128
13.010437810623703 153036.0810283094
13.087082443356955 153042.20907318548
13.163727076480132 153048.31287565824
13.240371709986425 153054.39252077663
13.317016343869248 153060.44809134174
13.393660978122149 153066.47967851756
13.470305612738779 153072.4873847162
13.546950247712982 153078.47131573214
13.623594883038699 153084.4315683439
13.700239518710033 153090.36822344858
13.776884154721253 153096.28135198675
13.853528791066667 153102.17102609403
13.930173427740792 153108.03731953702
14.006818064738191 153113.88029997968
14.083462702053646 153119.7000282785
14.160107339681911 153125.49656718568
14.236751977618010 153131.26999106724
14.313396615856940 153137.0203876044
14.390041254393891 153142.7478502343
14.466685893224117 153148.45247129994
14.543330532342962 153154.13434008657
14.619975171745926 153159.7935417522
14.696619811428532 153165.43015931902
14.773264451386419 153171.0442764151
14.849909091615332 153176.6359730321
14.926553732111097 153182.2053147774
15.003198372869639 153187.75234265
15.079843013886919 153193.27707361054
15.156487655159021 153198.77951662167
15.233132296682115 153204.25969562793
15.309776938452407 153209.71766872783
15.386421580466205 153215.15353283516
15.463066222719901 153220.56740895222
15.539710865209942 153225.9594230615
15.616355507932823 153231.32969913055
15.693000150885151 153236.67835965432
15.769644794063561 153242.00551627707
15.846289437464796 153247.31124228684
15.922934081085613 153252.5955492748
15.999578724922870 153257.8584010002
16.076223368973480 153263.0997624838
16.152868013234382 153268.31964951416
16.229512657702578 153273.51814338463
16.306157302375194 153278.6953613479
16.382801947249320 153283.85141006915
16.459446592322173 153288.9863577192
16.536091237590938 153294.10023803922
16.612735883052963 153299.19307791383
16.689380528705513 153304.26492482173
16.766025174546048 153309.3158555461
16.842669820571935 153314.34596694654
16.919314466780708 153319.35535755145
16.995959113169853 153324.34411152196
17.072603759736939 153329.312292446
17.149248406479611 153334.25994346017
17.225893053395485 153339.18709097526
17.302537700482283 153344.09375044284
17.379182347737743 153348.97993327634
17.455826995159626 153353.84565829
17.532471642745751 153358.69096405906
17.609116290493990 153363.5159159401
17.685760938402211 153368.32060582284
17.762405586468340 153373.10514150994
17.839050234690362 153377.86962974997
17.915694883066262 153382.61416050774
17.992339531594062 153387.3387960489
18.068984180271851 153392.0435711269
18.145628829097710 153396.72850561776
18.222273478069773 153401.39362317097
18.298918127186202 153406.03896461564
18.375562776445182 153410.6645834205
18.452207425844943 153415.27053224837
18.528852075383728 153419.85686113973
18.605496725059812 153424.42362515096
18.682141374871531 153428.97088548754
18.758786024817191 153433.49870003966
18.835430674895179 153438.00712090207
18.912075325103871 153442.49620891287
18.988719975441672 153446.96604078708
19.065364625907051 153451.4166945154
19.142009276498456 153455.84823319752
19.218653927214373 153460.26070214293
19.295298578053330 153464.65413559362
19.371943229013862 153469.02856503648
19.448587880094518 153473.38402689985
19.525232531293899 153477.7205702058
19.601877182610593 153482.0382591964
19.678521834043224 153486.33716986046
19.755166485590482 153490.61738205102
19.831811137250980 153494.87896838158
19.908455789023460 153499.12198790867
19.985100440906592 153503.34648844242
20.061745092899113 153507.5525141583
20.138389744999795 153511.74011316706
20.215034397207393 153515.90933963662
20.291679049520699 153520.06025396803
20.368323701938497 153524.19292357354
20.444968354459633 153528.30742097567
20.521613007082934 153532.40381913673
20.598257659807256 153536.482183631
20.674902312631499 153540.5425654677
20.751546965554525 153544.58500029822
20.828191618575236 153548.60951435773
20.904836271692595 153552.61613543436
20.981480924905512 153556.60490060787
21.058125578212952 153560.57585677985
21.134770231613874 153564.52906038708
21.211414885107278 153568.464578231
21.288059538692153 153572.38248797224
21.364704192367498 153576.2828753463
21.441348846132382 153580.16582759103
21.517993499985817 153584.03142701756
21.594638153926862 153587.87974430385
21.671282807954576 153591.71083444744
21.747927462068063 153595.52473883392
21.824572116266403 153599.3214905364
21.901216770548714 153603.10112145715
21.977861424914106 153606.8636684967
22.054506079361715 153610.6091773129
22.131150733890678 153614.33770314092
22.207795388500170 153618.0493069485
22.284440043189331 153621.7440513476
22.361084697957356 153625.42199782626
22.437729352803444 153629.08320403742
22.514374007726776 153632.72772193167
22.591018662726579 153636.355597192
22.667663317802067 153639.96687427378
22.744307972952480 153643.5616053995
22.820952628177054 153647.13985704526
22.897597283475051 153650.70171074074
22.974241938845726 153654.24725516533
23.050886594288354 153657.7765742269
23.127531249802225 153661.28973837732
23.204175905386617 153664.78680289708
23.280820561040855 153668.26781381803
23.357465216764222 153671.73281438474
23.434109872556043 153675.18184750585
23.510754528415671 153678.6149553875
23.587399184342420 153682.03218200855
23.664043840335651 153685.43358094196
23.740688496394714 153688.81921530716
23.817333152518948 153692.18914381874
23.893977808707753 153695.54340825696
23.970622464960510 153698.88203880435
24.047267121276587 153702.20507308524
24.123911777655380 153705.51256804308
24.200556434096303 153708.8045972135
24.277201090598762 153712.08124019217
24.353845747162161 153715.34257195462
24.430490403785942 153718.5886579243
24.507135060469537 153721.8195533023
24.583779717212376 153725.0353061675
24.660424374013918 153728.2359639275
24.737069030873592 153731.42157997726
24.813713687790873 153734.5922188892
24.890358344765218 153737.74795533222
24.967003001796126 153740.88886577674
25.043647658883032 153744.01501698376
25.120292316025456 153747.12645900872
25.196936973222883 153750.22323071264
25.273581630474801 153753.30537354323
25.350226287780728 153756.37294393842
25.426870945140156 153759.4260143013
25.503515602552628 153762.46465938035
25.580160260017628 153765.4889379228
25.656804917534721 153768.49888224094
25.733449575103414 153771.49450595284
25.810094232723241 153774.4758263299
25.886738890393772 153777.44288587183
25.963383548114550 153780.3957594399
26.040028205885108 153783.33454189042
26.116672863705020 153786.25932678458
26.193317521573864 153789.1701886828
26.269962179491191 153792.06717586593
26.346606837456580 153794.95031573094
26.423251495469618 153797.81962803184
26.499896153529868 153800.67514017216
26.576540811636953 153803.51689767398
26.653185469790454 153806.34496786312
26.729830127989960 153809.15943732212
26.806474786235082 153811.96040135805
26.883119444525416 153814.7479484936
26.959764102860603 153817.52214439205
27.036408761240235 153820.28302434643
27.113053419663942 153823.03060167874
27.189698078131347 153825.76488698676
27.266342736642070 153828.4859059336
27.342987395195767 153831.19370499556
27.419632053792068 153833.8883487701
27.496276712430600 153836.56991483056
27.572921371111036 153839.23848543208
27.649566029832993 153841.89413749627
27.726210688596147 153844.53693499745
27.802855347400161 153847.16692887343
27.879500006244673 153849.78416264994
27.956144665129369 153852.38867836996
28.032789324053901 153854.98051832817
28.109433983017958 153857.55972196616
28.186078642021194 153860.1263258705
28.262723301063311 153862.6803696079
28.339367960143985 153865.22190242293
28.416012619262894 153867.75098367987
28.492657278419731 153870.26767607432
28.569301937614188 153872.77204000804
28.645946596845974 153875.2641341326
28.722591256114775 153877.74402054868
28.799235915420290 153880.211765172
28.875880574762231 153882.6674292407
28.952525234140321 153885.1110614355
29.029169893554247 153887.54269873872
29.105814553003743 153889.9623755732
29.182459212488506 153892.37013181555
29.259103872008282 153894.76601488073
29.335748531562778 153897.150077433
29.412393191151729 153899.52237322822
29.489037850774853 153901.88295556107
29.565682510431902 153904.23187845873
29.642327170122595 153906.56919949505
29.718971829846662 153908.8949807741
29.795616489603873 153911.20928675213
29.872261149393943 153913.51218146097
29.948905809216640 153915.80372472497
30.025550469071685 153918.08396773165
30.102195128958858 153920.35294832007
30.178839788877895 153922.61069005498
30.255484448828554 153924.8572083057
30.332129108810591 153927.0925221012
30.408773768823792 153929.31666798305
30.485418428867874 153931.5297069239
30.562063088942651 153933.73172009655
30.638707749047846 153935.922795543
30.715352409183261 153938.10301376754
30.791997069348657 153940.2724402192
30.868641729543818 153942.43112607437
30.945286389768505 153944.57911493466
31.021931050022509 153946.71644758343
31.098575710305614 153948.84316189648
31.175220370617588 153950.9592917349
31.251865030958225 153953.06487008717
31.328509691327316 153955.15993613732
31.405154351724665 153957.24453808082
31.481799012150027 153959.31872846474
31.558443672603225 153961.38255552712
31.635088333084049 153963.4360597195
31.711732993592285 153965.47927996094
31.788377654127743 153967.51226378113
31.865022314690226 153969.53507189872
31.941666975279531 153971.5477719851
32.018311635895486 153973.5504281227
32.094956296537859 153975.54309386952
32.171600957206479 153977.5258133979
32.248245617901169 153979.49862832198
32.324890278621730 153981.46158189495
32.401534939367977 153983.41471764783
32.478179600139725 153985.35807664282
32.554824260936783 153987.29169811867
32.631468921758994 153989.21561984502
32.708113582606167 153991.12987698472
32.784758243478109 153993.03450350437
32.861402904374678 153994.92953675028
32.938047565295669 153996.8150227488
33.014692226240925 153998.69101694133
33.091336887210275 154000.55757969816
33.167981548203542 154002.41476957107
33.244626209220577 154004.26263897007
33.321270870261202 154006.101233934
33.397915531325246 154007.93059492088
33.474560192412561 154009.75075872213
33.551204853522961 154011.5617627742
33.627849514656319 154013.36365135422
33.704494175812449 154015.1564768721
33.781138836991218 154016.94029223555
33.857783498192447 154018.71514091347
33.934428159415987 154020.48105494742
34.011072820661710 154022.2380639678
34.087717481929431 154023.98620438232
34.164362143219016 154025.72551985408
34.241006804530308 154027.45605540156
34.317651465863179 154029.1778539731
34.394296127217459 154030.8909593713
34.470940788593019 154032.5954202732
34.547585449989718 154034.29128974493
34.624230111407385 154035.97861764717
34.700874772845921 154037.65744180782
34.777519434305155 154039.327786316
34.854164095784959 154040.98966985734
34.930808757285192 154042.6431180081
35.007453418805731 154044.28816882125
35.084098080346422 154045.92486926806
35.160742741907143 154047.55326765505
35.237387403487766 154049.1734093981
35.314032065088135 154050.785337068
35.390676726708143 154052.3890916983
35.467321388347656 154053.98471365133
35.543966050006546 154055.5722426598
35.620610711684691 154057.15171822862
35.697255373381950 154058.7231791838
35.773900035098208 154060.28666261575
35.850544696833332 154061.84220245795
35.927189358587221 154063.38982888893
36.003834020359726 154064.92956976077
36.080478682150741 154066.4614533344
36.157123343960144 154067.98551156238
36.233768005787823 154069.50178079552
36.310412667633656 154071.01029965328
36.387057329497516 154072.51110645634
36.463701991379288 154074.00423934538
36.540346653278881 154075.48973730457
36.616991315196167 154076.96763783487
36.693635977131009 154078.4379724533
36.770280639083339 154079.90076401306
36.846925301053020 154081.35603028987
36.923569963039938 154082.80379251504
37.000214625043995 154084.24408348292
37.076859287065083 154085.6769475091
37.153503949103097 154087.10243006336
37.230148611157908 154088.5205663615
37.306793273229438 154089.93137980622
37.383437935317573 154091.33489174448
37.460082597422200 154092.7311308605
37.536727259543234 154094.1201331293
37.613371921680539 154095.5019338642
37.690016583834066 154096.8765611132
37.766661246003665 154098.24403725014
37.843305908189265 154099.6043853823
37.919950570390746 154100.95763384926
37.996595232608037 154102.30381759102
38.073239894841016 154103.642978816
38.149884557089599 154104.97516196535
38.226529219353687 154106.30040305018
38.303173881633185 154107.6187241531
38.379818543928003 154108.9301395788
38.456463206238034 154110.23466706023
38.533107868563192 154111.5323322747
38.609752530903393 154112.8231642786
38.686397193258543 154114.107187024
38.763041855628543 154115.38441530158
38.839686518013302 154116.65485983703
38.916331180412740 154117.91853921374
38.992975842826759 154119.17548841634
39.069620505255287 154120.4257548871
39.146265167698232 154121.66938628716
39.222909830155487 154122.90642043125
39.299554492626989 154124.13688346968
39.376199155112637 154125.3607934728
39.452843817612361 154126.57816613957
39.529488480126076 154127.7890211113
39.606133142653682 154128.99338641856
39.682777805195109 154130.19129877808
39.759422467750277 154131.38279920997
39.836067130319101 154132.56792658422
39.912711792901504 154133.7467114735
39.989356455497393 154134.9191736193
40.066001118106698 154136.08532471737
40.142645780729346 154137.24517499722
40.219290443365246 154138.39873914633
40.295935106014340 154139.54603787418
40.372579768676523 154140.68709688718
40.449224431351738 154141.8219459985
40.525869094039898 154142.9506187901
40.602513756740947 154144.07315106006
40.679158419454787 154145.18957861557
40.755803082181359 154146.29993544953
40.832447744920565 154147.40425177294
40.909092407672368 154148.50255241676
40.985737070436677 154149.59485729842
41.062381733213414 154150.68118513795
41.139026396002514 154151.76155655144
41.215671058803906 154152.83599330336
41.292315721617520 154153.90451594372
41.368960384443291 154154.96714483487
41.445605047281141 154156.02390441854
41.522249710130993 154157.07482611787
41.598894372992802 154158.11994822382
41.675539035866485 154159.1593127117
41.752183698751956 154160.19295988177
41.828828361649187 154161.2209216992
41.905473024558091 154162.24321714079
41.982117687478599 154163.25985420722
42.058762350410653 154164.27084040418
42.135407013354182 154165.27619514498
42.212051676309137 154166.2759525091
42.288696339275425 154167.2701521655
42.365341002253011 154168.25882784254
42.441985665241809 154169.24200421918
42.518630328241763 154170.21970150876
42.595274991252822 154171.19194028154
42.671919654274909 154172.15874265233
42.748564317307981 154173.1201307742
42.825208980351952 154174.07612558026
42.901853643406774 154175.0267472346
42.978498306472389 154175.97201785143
43.055142969548747 154176.91196511543
43.131787632635771 154177.84662512568
43.208432295733402 154178.77604049328
43.285076958841600 154179.7002526015
43.361721621960285 154180.61929297913
43.438366285089401 154181.53318023906
43.515010948228912 154182.4419254244
43.591655611378734 154183.34554100188
43.668300274538836 154184.24404623764
43.744944937709150 154185.1374653783
43.821589600889602 154186.0258225869
43.898234264080173 154186.90913813253
43.974878927280791 154187.78742839207
44.051523590491378 154188.66071005192
44.128168253711920 154189.5290055884
44.204812916942345 154190.3923460111
44.281457580182597 154191.25076857168
44.358102243432626 154192.10431167815
44.434746906692361 154192.95300973993
44.511391569961781 154193.79689067553
44.588036233240828 154194.63597677115
44.664680896529426 154195.47028748304
44.741325559827544 154196.29984157154
44.817970223135127 154197.12465714494
44.894614886452132 154197.9447513679
44.971259549778487 154198.76014097262
45.047904213114165 154199.5708433711
45.124548876459095 154200.37687742716
45.201193539813254 154201.17826507194
45.277838203176572 154201.9750329266
45.354482866549006 154202.76721096542
45.431127529930507 154203.55482804182
45.507772193321031 154204.3379081201
45.584416856720523 154205.11647116565
45.661061520128939 154205.89053726892
45.737706183546237 154206.66012944473
45.814350846972367 154207.42527177496
45.890995510407279 154208.18598603868
45.967640173850924 154208.94229132656
46.044284837303266 154209.69420643453
46.120929500764262 154210.44175192234
46.197574164233849 154211.18495072218
46.274218827711991 154211.92382845748
46.350863491198652 154212.6584132499
46.427508154693783 154213.3887342632
46.504152818197333 154214.11481765934
46.580797481709254 154214.8366817637
46.657442145229524 154215.55433610582
46.734086808758072 154216.2677868576
46.810731472294883 154216.9770446486
46.887376135839894 154217.68212747658
46.964020799393076 154218.38305858293
47.040665462954372 154219.07986477684
47.117310126523748 154219.77257451406
47.193954790101166 154220.46121197785
47.270599453686579 154221.145793973
47.347244117279942 154221.8263355148
47.423888780881228 154222.50285755898
47.500533444490394 154223.17538800466
47.577178108107375 154223.84395572677
47.653822771732166 154224.50858481662
47.730467435364702 154225.16929348523
47.807112099004954 154225.8260954815
47.883756762652880 154226.47900134075
47.960401426308451 154227.12802257075
48.037046089971611 154227.77317804494
48.113690753642338 154228.41449497954
48.190335417320576 154229.05200182015
48.266980081006295 154229.68572008182
48.343624744699461 154230.3156627788
48.420269408400024 154230.94183885565
48.496914072107970 154231.56425914002
48.573558735823241 154232.18293994508
48.650203399545809 154232.79790284944
48.726848063275632 154233.4091709386
48.803492727012674 154234.0167650747
48.880137390756907 154234.6207041981
48.956782054508274 154235.22100865017
49.033426718266767 154235.81770183102
49.110071382032331 154236.41080721735
49.186716045804943 154237.00034370087
49.263360709584560 154237.58632405574
49.340005373371142 154238.16875853483
49.416650037164665 154238.74765992776
49.493294700965095 154239.32304559878
49.569939364772388 154239.894936299
49.646584028586517 154240.46335409596
49.723228692407439 154241.0283209508
49.799873356235118 154241.58985801484
49.876518020069547 154242.14798572398
49.953162683910669 154242.702723358
50.029807347758457 154243.2540874181
50.106452011612873 154243.80208944928
50.183096675473891 154244.3467355091
50.259741339341474 154244.8880295029
50.336386003215594 154245.4259797326
50.413030667096216 154245.96060478044
50.489675330983317 154246.49193393148
50.566319994876842 154247.02000077604
50.642964658776776 154247.54483394529
50.719609322683091 154248.06645350496
50.796253986595751 154248.58487491487
50.872898650514720 154249.10011178246
50.949543314439964 154249.6121721524
51.026187978371475 154250.12105593068
51.102832642309203 154250.62676208944
51.179477306253105 154251.1293017126
51.256121970203182 154251.62870439922
51.332766634159398 154252.12501041524
51.409411298121690 154252.61825495402
51.486055962090063 154253.10845766537
51.562700626064490 154253.59562498773
51.639345290044908 154254.07976039225
51.715989954031322 154254.56087125003
51.792634618023691 154255.0389678391
51.869279282021971 154255.5140607457
51.945923946026149 154255.98616318638
52.022568610036203 154256.4552945073
52.099213274052097 154256.92147900414
52.175857938073790 154257.38474106044
52.252502602101274 154257.8451012472
52.329147266134520 154258.30257559798
52.405791930173478 154258.75717785113
52.482436594218143 154259.20892195276
52.559081258268471 154259.6578219343
52.635725922324461 154260.10389090233
52.712370586386051 154260.54714143317
52.789015250453240 154260.98758672996
52.865659914525985 154261.42524098986
52.942304578604279 154261.86011937354
53.018949242688073 154262.29223761632
53.095593906777360 154262.72161050804
53.172238570872096 154263.14825022506
53.248883234972276 154263.572166976
53.325527899077855 154263.99337257977
53.402172563188813 154264.41188384977
53.478817227305122 154264.82772284796
53.555461891426766 154265.240913591
53.632106555553705 154265.6514777146
53.708751219685929 154266.05943170737
53.785395883823405 154266.46478642002
53.862040547966110 154266.86754809527
53.938685212114017 154267.26772054378
54.015329876267096 154267.665309074
54.091974540425333 154268.06032479927
54.168619204588708 154268.45278617102
54.245263868757185 154268.84271626538
54.321908532930742 154269.2301386617
54.398553197109344 154269.6150746039
54.475197861292990 154269.9975413369
54.551842525481639 154270.37755095676
54.628487189675290 154270.75511031627
54.705131853873887 154271.13022254943
54.781776518077422 154271.50288999113
54.858421182285880 154271.87311907968
54.935065846499228 154272.24092519828
55.011710510717442 154272.6063322614
55.088355174940503 154272.96936560862
55.164999839168388 154273.33004484794
55.241644503401076 154273.688383332
55.318289167638532 154274.0443925084
55.394933831880756 154274.3980840023
55.471578496127705 154274.74946770383
55.548223160379372 154275.09855252638
55.624867824635714 154275.44535050873
55.701512488896739 154275.789875606
55.778157153162404 154276.13213715574
55.854801817432694 154276.47214031147
55.931446481707574 154276.80989563512
56.008091145987045 154277.1454246658
56.084735810271077 154277.47875387725
56.161380474559635 154277.80990422034
56.238025138852706 154278.13888616985
56.314669803150288 154278.46570208276
56.391314467452339 154278.79035266174
56.467959131758839 154279.11284356637
56.544603796069772 154279.4331888432
56.621248460385111 154279.75140928314
56.697893124704855 154280.06752637992
56.774537789028962 154280.38155526386
56.851182453357417 154280.69350155044
56.927827117690200 154281.0033655106
57.004471782027295 154281.31115070023
57.081116446368682 154281.61686972724
57.157761110714340 154281.9205423578
57.234405775064246 154282.2221887214
57.311050439418374 154282.5218240193
57.387695103776728 154282.81945830912
57.464339768139268 154283.11510002398
57.540984432505965 154283.40875930237
57.617629096876826 154283.70044847715
57.694273761251821 154283.99017990677
57.770918425630924 154284.2779641482
57.847563090014120 154284.5638107595
57.924207754401408 154284.84773067955
58.000852418792732 154285.1297371413
58.077497083188106 154285.40984449536
58.154141747587488 154285.68806695176
58.230786411990884 154285.9644179856
58.307431076398238 154286.23890931084
58.384075740809578 154286.5115488981
58.460720405224855 154286.78234021083
58.537365069644054 154287.05128451763
58.614009734067182 154287.31838498494
58.690654398494182 154287.58364970717
58.767299062925062 154287.84709258474
58.843943727359786 154288.10873218992
58.920588391798354 154288.3685884352
58.997233056240738 154288.6266779631
59.073877720686923 154288.88301131307
59.150522385136902 154289.1375951632
59.227167049590633 154289.3904376517
59.303811714048116 154289.64155021586
59.380456378509329 154289.89094351558
59.457101042974273 154290.1386238144
59.533745707442890 154290.38459607083
59.610390371915209 154290.6288700726
59.687035036391165 154290.8714610989
59.763679700870796 154291.1123838105
59.840324365354036 154291.35164744238
59.916969029840892 154291.5892578133
59.993613694331344 154291.82522188133
60.070258358825377 154292.05954832822
60.146903023322977 154292.29224501675
60.223547687824109 154292.5233183497
60.300192352328779 154292.75277592134
60.376837016836966 154292.9806303233
60.453481681348642 154293.20690065177
60.530126345863799 154293.4316079193
60.606771010382424 154293.65476554973
60.683415674904502 154293.87637510314
60.760060339429998 154294.0964339103
60.836705003958933 154294.3149463762
60.913349668491250 154294.5319263165
60.989994333026964 154294.7473892055
61.066638997566031 154294.96134423374
61.143283662108466 154295.17379430364
61.219928326654241 154295.38474214714
61.296572991203341 154295.59419460318
61.373217655755745 154295.8021619752
61.449862320311432 154296.00865624557
61.526506984870402 154296.2136910986
61.603151649432640 154296.41728198904
61.679796313998125 154296.61944387623
61.756440978566829 154296.82018770068
61.833085643138759 154297.01951876664
61.909730307713886 154297.2174388405
61.986374972292204 154297.4139501509
62.063019636873697 154297.60905824168
62.139664301458339 154297.80277234846
62.216308966046135 154297.99510398344
62.292953630637051 154298.1860648893
62.369598295231086 154298.3756653267
62.446242959828204 154298.56391348827
62.522887624428421 154298.75081602923
62.599532289031714 154298.93637930628
62.676176953638048 154299.12061073288
62.752821618247438 154299.30351963575
62.829466282859855 154299.4851170528
62.906110947475284 154299.66541469467
62.982755612093705 154299.84442360327
63.059400276715117 154300.0221526582
63.136044941339506 154300.19860767588
63.212689605966844 154300.3737920723
63.289334270597131 154300.54770892864
63.365978935230352 154300.72036277092
63.442623599866479 154300.89175999493
63.519268264505513 154301.06190856892
63.595912929147445 154301.230818379
63.672557593792249 154301.39850249773
63.749202258439908 154301.5649774475
63.825846923090424 154301.73026013104
63.902491587743782 154301.89436207723
63.979136252399947 154302.0572856736
64.055780917058925 154302.21902670566
64.132425581720710 154302.37958239345
64.209070246385267 154302.5389584969
64.285714911052608 154302.69716922726
64.362359575722692 154302.85423044284
64.439004240395519 154303.01015279404
64.515648905071089 154303.1649406552
64.592293569749373 154303.31859628222
64.668938234430357 154303.47112455106
64.745582899114041 154303.62253464627
64.822227563800411 154303.77283804462
64.898872228489438 154303.92204473927
64.975516893181108 154304.07016108543
65.052161557875436 154304.21719054956
65.128806222572393 154304.36313587087
65.205450887271979 154304.50800102885
65.282095551974152 154304.65179200974
65.358740216678910 154304.79451731272
65.435384881386270 154304.93618900268
65.512029546096187 154305.07682203752
65.588674210808662 154305.2164302147
65.665318875523681 154305.35502171595
65.741963540241230 154305.49259843156
65.818608204961293 154305.62915941697
65.895252869683873 154305.76470567475
65.971897534408953 154305.89924300605
66.048542199136506 154306.03278138707
66.125186863866531 154306.16533219206
66.201831528599001 154306.2969060833
66.278476193333958 154306.42751245678
66.355120858071331 154306.5571591593
66.431765522811119 154306.685851748
66.508410187553324 154306.8135930412
66.585054852297930 154306.940384236
66.661699517044937 154307.06622769008
66.738344181794318 154307.1911294151
66.814988846546058 154307.3150985054
66.891633511300171 154307.4381436369
66.968278176056614 154307.56027058605
67.044922840815389 154307.6814838673
67.121567505576493 154307.80179053821
67.198212170339914 154307.92120127135
67.274856835105609 154308.03972721688
67.351501499873606 154308.15737624402
67.428146164643877 154308.27415236153
67.504790829416436 154308.39005787147
67.581435494191226 154308.50509539715
67.658080158968247 154308.6192686769
67.734724823747527 154308.732582979
67.811369488529024 154308.845045612
67.888014153312724 154308.9566657267
67.964658818098627 154309.06745280378
68.041303482886718 154309.17741439823
68.117948147676984 154309.28655482715
68.194592812469423 154309.39487630952
68.271237477264023 154309.50238211892
68.347882142060769 154309.6090790896
68.424526806859646 154309.71497695538
68.501171471660641 154309.82008520013
68.577816136463753 154309.9244103673
68.654460801268982 154310.027955704
68.731105466076286 154310.13072307053
68.807750130885680 154310.23271598364
68.884394795697162 154310.333941218
68.961039460510690 154310.43440693797
69.037684125326265 154310.5341192511
69.114328790143887 154310.6330812892
69.190973454963554 154310.73129631253
69.267618119785240 154310.8287713107
69.344262784608915 154310.92551666778
69.420907449434608 154311.02154214948
69.497552114262291 154311.1168532347
69.574196779091963 154311.21145055347
69.650841443923596 154311.30533232316
69.727486108757176 154311.3984984367
69.804130773592732 154311.4909539069
69.880775438430220 154311.58270920487
69.957420103269627 154311.6737771966
70.034064768110966 154311.76416910338
70.110709432954209 154311.85389207967
70.187354097799371 154311.9429492768
70.263998762646409 154312.0313418028
70.340643427495323 154312.1190709726
70.417288092346112 154312.206139198
70.493932757198777 154312.29254928738
70.570577422053290 154312.37830366983
70.647222086909636 154312.4634050924
70.723866751767829 154312.5478586265
70.800511416627842 154312.63167302194
70.877156081489673 154312.71485957273
70.953800746353295 154312.79742902395
71.030445411218722 154312.87938882195
71.107090076085939 154312.96074229848
71.183734740954918 154313.04148957325
71.260379405825688 154313.12162941528
71.337024070698206 154313.20116152862
71.413668735572458 154313.28008863053
71.490313400448471 154313.35841747318
71.566958065326190 154313.4361578724
71.643602730205657 154313.51331975963
71.720247395086830 154313.5899101562
71.796892059969693 154313.66593257058
71.873536724854247 154313.74138889322
71.950181389740493 154313.8162812849
72.026826054628415 154313.89061244982
72.103470719518000 154313.96438537815
72.180115384409248 154314.03760409149
72.256760049302144 154314.11027477845
72.333404714196689 154314.18240543938
72.410049379092840 154314.25400352487
72.486694043990639 154314.32507342944
72.563338708890029 154314.39561619688
72.639983373791026 154314.46563173627
72.716628038693614 154314.5351216344
72.793272703597808 154314.6040904286
72.869917368503565 154314.67254464596
72.946562033410885 154314.740490536
73.023206698319783 154314.80793253734
73.099851363230215 154314.87487386138
73.176496028142196 154314.94131828315
73.253140693055713 154315.00727093173
73.329785357970749 154315.07273709628
73.406430022887307 154315.13772055737
73.483074687805356 154315.20222388871
73.559719352724926 154315.2662506544
73.636364017645988 154315.32980620247
73.713008682568514 154315.39289570568
73.789653347492518 154315.45552268767
73.866298012418000 154315.51769036328
73.942942677344931 154315.5794033827
74.019587342273297 154315.64066682954
74.096232007203128 154315.70148323613
74.172876672134379 154315.76185125674
74.249521337067051 154315.82176828405
74.326166002001145 154315.88123524917
74.402810666936631 154315.9402594113
74.479455331873538 154315.9988526031
74.556099996811824 154316.05702645943
74.632744661751488 154316.11478878604
74.709389326692531 154316.17214327102
74.786033991634937 154316.22909077877
74.862678656578694 154316.285629912
74.939323321523815 154316.34175729033
75.015967986470258 154316.39746932138
75.092612651418051 154316.45276541667
75.169257316367165 154316.5076504755
75.245901981317587 154316.562134435
75.322546646269316 154316.61622875195
75.399191311222367 154316.66994205175
75.475835976176683 154316.72327800342
75.552480641132306 154316.7762367704
75.629125306089207 154316.82881832236
75.705769971047360 154316.88102463863
75.782414636006777 154316.93285947404
75.859059300967445 154316.98432668817
75.935703965929378 154317.03542894011
76.012348630892532 154317.08616786814
76.088993295856909 154317.13654540267
76.165637960822522 154317.18656465405
76.242282625789358 154317.23622938138
76.318927290757387 154317.2855428746
76.395571955726609 154317.33450776394
76.472216620697026 154317.38312692253
76.548861285668607 154317.4314042413
76.625505950641397 154317.47934431463
76.702150615615338 154317.52695150106
76.778795280590444 154317.57422949324
76.855439945566701 154317.62118144703
76.932084610544095 154317.66780973456
77.008729275522626 154317.71411527484
77.085373940502294 154317.7600978326
77.162018605483084 154317.80575787398
77.238663270464983 154317.8510981841
77.315307935447990 154317.89612355537
77.391952600432091 154317.9408395548
77.468597265417287 154317.98525191934
77.545241930403577 154318.02936599226
77.621886595390933 154318.07318532374
77.698531260379355 154318.1167104512
77.775175925368856 154318.15993939427
77.851820590359395 154318.2028698999
77.928465255350986 154318.24550206357
78.005109920343600 154318.28783972893
78.081754585337265 154318.3298896645
78.158399250331954 154318.37165894022
78.235043915327651 154318.41315247605
78.311688580324372 154318.45437250592
78.388333245322087 154318.49531966946
78.464977910320798 154318.53599438036
78.541622575320503 154318.57639790038
78.618267240321174 154318.61653287857
78.694911905322826 154318.6564028259
78.771556570325444 154318.69601068596
78.848201235329029 154318.73535778315
78.924845900333551 154318.774444202
79.001490565339026 154318.8132702496
79.078135230345438 154318.8518378332
79.154779895352789 154318.89015077968
79.231424560361049 154318.92821385287
79.308069225370232 154318.9660312453
79.384713890380311 154319.0036058859
79.461358555391300 154319.0409401083
79.538003220403183 154319.0780367426
79.614647885415948 154319.11489923496
79.691292550429623 154319.1515305008
79.767937215444150 154319.1879316894
79.844581880459529 154319.22410222937
79.921226545475776 154319.26004131735
79.997871210492889 154319.29574965974
80.074515875510841 154319.33123000184
80.151160540529631 154319.36648617213
80.227805205549245 154319.401521834
80.304449870569684 154319.43634015767
80.381094535590947 154319.47094425312
80.457739200613020 154319.50533732792
80.534383865635888 154319.53952210478
80.611028530659553 154319.57350002116
80.687673195684013 154319.60727100898
80.764317860709255 154319.64083415817
80.840962525735264 154319.6741889401
80.917607190762055 154319.70733632243
80.994251855789599 154319.7402791768
81.070896520817911 154319.77302181828
81.147541185846947 154319.80556900363
81.224185850876736 154319.83792488682
81.300830515907279 154319.87009223312
81.377475180938532 154319.90207207066
81.454119845970496 154319.93386408393
81.530764511003198 154319.9654678777
81.607409176036583 154319.99688449854
81.684053841070678 154320.0281170309
81.760698506105470 154320.05916960875
81.837343171140958 154320.09004559397
81.913987836177114 154320.120746537
81.990632501213938 154320.15127273145
82.067277166251444 154320.18162451647
82.143921831289603 154320.21180283086
82.220566496328402 154320.24180859045
82.297211161367869 154320.27164208057
82.373855826407961 154320.3013035857
82.450500491448707 154320.33079470755
82.527145156490064 154320.36011876471
82.603789821532047 154320.38927978347
82.680434486574640 154320.4182812141
82.757079151617830 154320.44712545982
82.833723816661632 154320.47581402797
82.910368481706030 154320.5043477226
82.987013146751011 154320.53272689067
83.063657811796560 154320.56095182354
83.140302476842706 154320.5890230951
83.216947141889406 154320.6169416493
83.293591806936675 154320.6447086611
83.370236471984484 154320.67232543108
83.446881137032847 154320.69979362912
83.523525802081750 154320.7271157197
83.600170467131178 154320.75429483442
83.676815132181162 154320.78133375756
83.753459797231642 154320.8082338472
83.830104462282648 154320.83499492222
83.906749127334166 154320.86161612938
83.983393792386167 154320.88809717068
84.060038457438679 154320.91443939658
84.136683122491675 154320.94064623397
84.213327787545154 154320.96672235275
84.289972452599102 154320.99267164158
84.366617117653533 154321.01849522165
84.443261782708419 154321.0441912922
84.519906447763759 154321.06975744345
84.596551112819554 154321.09519359542
84.673195777875790 154321.1205026621
84.749840442932467 154321.14568834216
84.826485107989569 154321.17075258153
84.903129773047098 154321.19569524177
84.979774438105053 154321.22051581793
85.056419103163407 154321.24521521816
85.133063768222172 154321.2697960342
85.209708433281321 154321.2942612983
85.286353098340868 154321.31861302553
85.362997763400813 154321.34285190052
85.439642428461127 154321.36697823476
85.516287093521825 154321.39099307172
85.592931758582893 154321.41489835046
85.669576423644301 154321.43869612718
85.746221088706079 154321.46238770458
85.822865753768198 154321.48597339157
85.899510418830658 154321.50945293842
85.976155083893460 154321.5328261871
86.052799748956588 154321.5560934882
86.129444414020028 154321.57925583256
86.206089079083796 154321.60231488838
86.282733744147876 154321.62527295479
86.359378409212241 154321.6481326258
86.436023074276918 154321.67089615186
86.512667739341879 154321.69356488553
86.589312404407124 154321.71613921213
86.665957069472654 154321.73861889882
86.742601734538439 154321.7610034864
86.819246399604509 154321.78329264975
86.895891064670835 154321.8054867873
86.972535729737402 154321.82758769524
87.049180394804225 154321.84959849328
87.125825059871289 154321.8715223723
87.202469724938581 154321.89336108472
87.279114390006100 154321.91511455193
87.355759055073847 154321.93678185352
87.432403720141807 154321.95836257117
87.509048385209979 154321.97985734875
87.585693050278351 154322.00126751917
87.662337715346922 154322.02259454064
87.738982380415663 154322.04383986516
87.815627045484604 154322.06500508715
87.892271710553729 154322.08609185947
87.968916375623024 154322.10710146328
88.045561040692476 154322.12803438524
88.122205705762084 154322.14889025613
88.198850370831849 154322.16966825255
88.275495035901756 154322.1903678167
88.352139700971819 154322.2109892908
88.428784366042009 154322.23153402875
88.505429031112314 154322.25200394745
88.582073696182746 154322.27240092933
88.658718361253307 154322.2927264714
88.735363026323967 154322.3129816235
88.812007691394726 154322.33316710813
88.888652356465585 154322.35328356244
88.965297021536514 154322.37333171553
89.041941686607558 154322.39331233382
89.118586351678658 154322.41322611397
89.195231016749844 154322.4330736999
89.271875681821101 154322.4528556574
89.348520346892400 154322.47257229948
89.425165011963756 154322.49222359667
89.501809677035169 154322.51180936818
89.578454342106596 154322.53132961813
89.655099007178080 154322.55078475823
89.731743672249593 154322.57017562405
89.808388337321119 154322.58950338626
89.885033002392660 154322.6087694872
89.961677667464230 154322.62797562638
90.038322332535770 154322.64712370833
90.114966997607340 154322.66621564204
90.191611662678881 154322.6852529595
90.268256327750407 154322.70423636062
90.344900992821920 154322.7231654268
90.421545657893404 154322.74203879698
90.498190322964831 154322.76085492942
90.574834988036244 154322.7796131292
90.651479653107600 154322.79831415665
90.728124318178899 154322.8169599617
90.804768983250156 154322.83555279727
90.881413648321342 154322.85409440083
90.958058313392442 154322.87258572542
91.034702978463486 154322.89102722876
91.111347643534415 154322.90941937797
91.187992308605274 154322.92776292653
91.264636973676033 154322.946058784
91.341281638746693 154322.96430770578
91.417926303817254 154322.98251009156
91.494570968887672 154323.00066600303
91.571215633957991 154323.01877542678
91.647860299028181 154323.03683858912
91.724504964098244 154323.0548559379
91.801149629168151 154323.0728277735
91.877794294237916 154323.0907540226
91.954438959307524 154323.10863454046
92.031083624376976 154323.12646971268
92.107728289446271 154323.14426075114
92.184372954515382 154323.1620093784
92.261017619584322 154323.17971718844
92.337662284653078 154323.1973851839
92.414306949721649 154323.21501373136
92.490951614790021 154323.23260284684
92.567596279858193 154323.25015256598
92.644240944926153 154323.26766317885
92.720885609993900 154323.28513526302
92.797530275061419 154323.30256958804
92.874174940128711 154323.31996699795
92.950819605195761 154323.33732831464
93.027464270262598 154323.35465420855
93.104108935329165 154323.3719449581
93.180753600395491 154323.3892001532
93.257398265461546 154323.4064186305
93.334042930527346 154323.423598946
93.410687595592861 154323.44074029505
93.487332260658121 154323.45784333578
93.563976925723082 154323.47491033908
93.640621590787759 154323.4919444717
93.717266255852124 154323.5089485405
93.793910920916204 154323.52592392883
93.870555585979972 154323.54287040615
93.947200251043412 154323.5597868802
94.023844916106540 154323.5766725131
94.100489581169327 154323.59352744135
94.177134246231802 154323.61035261737
94.253778911293921 154323.62714887425
94.330423576355699 154323.6439159996
94.407068241417107 154323.66065283824
94.483712906478175 154323.6773585559
94.560357571538859 154323.69403380828
94.637002236599173 154323.71068059816
94.713646901659118 154323.72730114718
94.790291566718679 154323.74389693688
94.866936231777828 154323.76046844895
94.943580896836593 154323.77701543705
95.020225561894947 154323.7935374706
95.096870226952902 154323.8100345445
95.173514892010431 154323.82650747613
95.250159557067533 154323.84295777034
95.326804222124210 154323.8593868719
95.403448887180446 154323.87579522442
95.480093552236241 154323.89218186095
95.556738217291581 154323.9085449394
95.633382882346467 154323.9248829126
95.710027547400898 154323.94119554642
95.786672212454846 154323.9574841577
95.863316877508325 154323.97375100624
95.939961542561321 154323.98999827323
96.016606207613833 154324.0062272519
96.093250872665834 154324.0224381774
96.169895537717352 154324.03863065635
96.246540202768358 154324.05480429987
96.323184867818838 154324.0709591625
96.399829532868822 154324.0870958224
96.476474197918250 154324.10321516052
96.553118862967153 154324.11931797393
96.629763528015516 154324.13540458266
96.706408193063325 154324.15147463942
96.783052858110594 154324.1675272961
96.859697523157294 154324.1835616403
96.936342188203440 154324.1995771133
97.012986853248989 154324.21557371313
97.089631518293970 154324.23155204614
97.166276183338354 154324.24751330825
97.242920848382155 154324.2634590971
97.319565513425360 154324.27939100482
97.396210178467953 154324.295310217
97.472854843509936 154324.3112173935
97.549499508551293 154324.327112794
97.626144173592024 154324.342996406
97.702788838632131 154324.35886802498
97.779433503671598 154324.37472740424
97.856078168710397 154324.3905744532
97.932722833748556 154324.40640934257
98.009367498786062 154324.4222324592
98.086012163822886 154324.4380442623
98.162656828859042 154324.45384512353
98.239301493894530 154324.46963527222
98.315946158929322 154324.48541495934
98.392590823963417 154324.50118471865
98.469235488996802 154324.51694541494
98.545880154029504 154324.532698023
98.622524819061468 154324.54844341837
98.699169484092721 154324.56418235332
98.775814149123264 154324.57991546785
98.852458814153053 154324.59564316957
98.929103479182089 154324.61136547124
99.005748144210401 154324.62708200188
99.082392809237945 154324.64279224593
99.159037474264736 154324.65849581646
99.235682139290745 154324.67419253194
99.312326804315987 154324.68988232032
99.388971469340447 154324.7055651882
99.465616134364112 154324.72124133894
99.542260799386980 154324.7369112767
99.618905464409053 154324.75257580465
99.695550129430316 154324.76823592462
99.772194794450755 154324.78389256023
99.848839459470369 154324.7995462866
99.925484124489159 154324.8151974476
100.00212878950711 154324.8308464648
100.07877345452422 154324.84649383914
100.15541811954046 154324.86213981785
100.23206278455585 154324.87778405458
100.30870744957038 154324.89342558576
100.38535211458404 154324.9090632576
100.46199677959682 154324.92469636723
100.53864144460870 154324.94032507096
100.61528610961969 154324.9559503522
100.69193077462977 154324.97157368305
100.76857543963895 154324.9871966163
100.84522010464721 154325.00282048277
100.92186476965456 154325.01844624436
100.99850943466097 154325.0340744519
101.07515409966645 154325.04970527065
101.15179876467097 154325.06533858797
101.22844342967456 154325.08097416995
101.30508809467717 154325.09661176763
101.38173275967883 154325.11225112615
101.45837742467950 154325.12789196847
101.53502208967920 154325.1435340677
101.61166675467791 154325.15917743457
101.68831141967563 154325.17482252722
101.76495608467235 154325.1904703524
101.84160074966805 154325.20612235292
101.91824541466274 154325.22178003812
101.99489007965640 154325.2374444576
102.07153474464901 154325.25311578237
102.14817940964060 154325.26879330524
102.22482407463114 154325.28447598303
102.30146873962065 154325.30016324134
102.37811340460907 154325.31585551146
102.45475806959642 154325.33155418126
102.53140273458271 154325.347261083
102.60804739956791 154325.36297783273
102.68469206455201 154325.37870523473
102.76133672953502 154325.39444294493
102.83798139451692 154325.41018962
102.91462605949771 154325.42594352906
102.99127072447737 154325.44170328407
103.06791538945591 154325.45746834335
103.14456005443330 154325.47323915327
103.22120471940956 154325.4890169762
103.29784938438466 154325.50480353297
103.37449404935860 154325.52060057223
103.45113871433138 154325.536409439
103.52778337930297 154325.5522307125
103.60442804427339 154325.56806404548
103.68107270924261 154325.58390839363
103.75771737421064 154325.59976269692
103.83436203917748 154325.6156267145
103.91100670414309 154325.63150140436
103.98765136910747 154325.6473884238
104.06429603407062 154325.6632890527
104.14094069903256 154325.67920343738
104.21758536399322 154325.6951307864
104.29423002895264 154325.71107025715
104.37087469391079 154325.7270217588
104.44751935886768 154325.7429861736
104.52416402382332 154325.7589650399
104.60080868877763 154325.77496005644
104.67745335373067 154325.79097272898
104.75409801868241 154325.8070041589
104.83074268363283 154325.82305479635
104.90738734858195 154325.83912422918
104.98403201352973 154325.85521132796
105.06067667847618 154325.87131481402
105.13732134342131 154325.88743387972
105.21396600836506 154325.90356845205
105.29061067330747 154325.91971905748
105.36725533824851 154325.93588658326
105.44390000318818 154325.95207216108
105.52054466812646 154325.96827707262
105.59718933306335 154325.9845025372
105.67383399799886 154326.0007494967
105.75047866293295 154326.01701858605
105.82712332786562 154326.03331028315
105.90376799279687 154326.0496250106
105.98041265772670 154326.06596292905
106.05705732265507 154326.08232352935
106.13370198758200 154326.098705603
106.21034665250747 154326.11510797217
106.28699131743149 154326.1315304478
106.36363598235401 154326.14797407633
106.44028064727507 154326.16444055812
106.51692531219464 154326.18093151614
106.59356997711269 154326.19744799173
106.67021464202925 154326.21399012557
106.74685930694429 154326.23055716223
106.82350397185780 154326.24714797272
106.90014863676979 154326.2637618742
106.97679330168022 154326.28039919032
107.05343796658912 154326.29706117703
107.13008263149644 154326.31374943073
107.20672729640219 154326.33046521654
107.28337196130639 154326.3472091217
107.36001662620897 154326.36398119022
107.43666129110997 154326.38078135354
107.51330595600936 154326.3976097292
107.58995062090715 154326.41446653506
107.66659528580331 154326.43135185572
107.74323995069786 154326.44826563407
107.81988461559075 154326.4652078619
107.89652928048200 154326.48217865644
107.97317394537158 154326.49917816347
108.04981861025951 154326.5162065862
108.12646327514575 154326.53326446863
108.20310794003031 154326.55035288614
108.27975260491317 154326.56747326208
108.35639726979434 154326.58462706456
108.43304193467380 154326.6018156294
108.50968659955153 154326.6190399059
108.58633126442753 154326.6363000627
108.66297592930179 154326.65359537693
108.73962059417431 154326.67092469078
108.81626525904507 154326.68828714493
108.89290992391406 154326.70568270405
108.96955458878128 154326.7231122586
109.04619925364669 154326.7405773427
109.12284391851033 154326.75807959182
109.19948858337216 154326.77562017762
109.27613324823217 154326.79319957524
109.35277791309036 154326.8108178679
109.42942257794671 154326.82847530372
109.50606724280122 154326.84617244735
109.58271190765389 154326.86390967228
109.65935657250468 154326.8816865775
109.73600123735359 154326.89950204737
109.81264590220063 154326.9173549906
109.88929056704579 154326.9352451992
109.96593523188903 154326.953173733
110.04257989673037 154326.9711425638
110.11922456156978 154326.98915365982
110.19586922640727 154327.00720808216
110.27251389124282 154327.0253057305
110.34915855607640 154327.04344599484
110.42580322090804 154327.0616289618
110.50244788573771 154327.07985628094
110.57909255056539 154327.09813077
110.65573721539108 154327.1164548105
110.73238188021476 154327.13482892772
110.80902654503645 154327.15325191736
110.88567120985611 154327.17172215137
110.96231587467373 154327.19023857237
111.03896053948931 154327.20880080227
111.11560520430284 154327.22740887103
111.19224986911432 154327.24606300247
111.26889453392371 154327.26476365692
111.34553919873102 154327.28351181638
111.42218386353625 154327.3023090875
111.49882852833936 154327.32115723816
111.57547319314035 154327.34005742942
111.65211785793923 154327.3590098759
111.72876252273598 154327.37801431652
111.80540718753058 154327.397070901
111.88205185232302 154327.41618071805
111.95869651711328 154327.4353455067
112.03534118190137 154327.45456676418
112.11198584668728 154327.4738448663
112.18863051147098 154327.493178698
112.26527517625247 154327.51256598812
112.34191984103175 154327.53200425365
112.41856450580877 154327.5514919687
112.49520917058356 154327.5710294289
112.57185383535612 154327.59061888975
112.64849850012639 154327.61026383904
112.72514316489439 154327.6299676791
112.80178782966009 154327.64973254674
112.87843249442351 154327.6695590285
112.95507715918461 154327.68944682096
113.03172182394339 154327.7093955631
113.10836648869983 154327.7294051268
113.18501115345394 154327.74947545805
113.26165581820568 154327.76960649926
113.33830048295506 154327.78979836352
113.41494514770207 154327.81005148092
113.49158981244668 154327.83036651713
113.56823447718888 154327.85074417965
113.64487914192868 154327.87118509892
113.72152380666606 154327.89168986696
113.79816847140098 154327.9122591375
113.87481313613348 154327.93289353355
113.95145780086351 154327.95359328017
114.02810246559106 154327.97435791287
114.10474713031614 154327.9951865667
114.18139179503871 154328.0160789257
114.25803645975878 154328.03703620564
114.33468112447632 154328.05806119784
114.41132578919134 154328.0791570112
114.48797045390381 154328.10032548363
114.56461511861374 154328.12156670893
114.64125978332109 154328.14287977308
114.71790444802585 154328.16426342362
114.79454911272805 154328.18571613228
114.87119377742761 154328.20723648355
114.94783844212455 154328.2288243086
115.02448310681889 154328.25048138647
115.10112777151058 154328.2722105751
115.17777243619959 154328.29401387263
115.25441710088596 154328.31589121747
115.33106176556964 154328.33784125675
115.40770643025064 154328.3598632963
115.48435109492891 154328.38195848942
115.56099575960447 154328.40412912625
115.63764042427731 154328.42637668172
115.71428508894739 154328.44870043662
115.79092975361473 154328.4710979735
115.86757441827929 154328.49356713472
115.94421908294109 154328.51610774637
116.02086374760005 154328.53872177866
116.09750841225622 154328.56141213956
116.17415307690959 154328.58418135656
116.25079774156011 154328.60703106722
116.32744240620775 154328.62996218103
116.40408707085257 154328.6529750569
116.48073173549449 154328.67606934262
116.55737640013353 154328.69924364524
116.63402106476966 154328.72249552177
116.71066572940289 154328.74582220268
116.78731039403316 154328.76922189628
116.86395505866049 154328.7926948544
116.94059972328488 154328.8162433585
117.01724438790629 154328.83987062934
117.09388905252473 154328.86357951286
117.17053371714016 154328.8873717474
117.24717838175256 154328.91124796128
117.32382304636197 154328.93520805697
117.40046771096829 154328.9592515731
117.47711237557158 154328.98337784657
117.55375704017179 154329.00758607034
117.63040170476893 154329.031875466
117.70704636936296 154329.05624563838
117.78369103395386 154329.0806968666
117.86033569854166 154329.10523005947
117.93698036312631 154329.12984643425
118.01362502770779 154329.15454719876
118.09026969228613 154329.179333437
118.16691435686126 154329.2042062022
118.24355902143317 154329.229166651
118.32020368600189 154329.25421605643
118.39684835056737 154329.27935575097
118.47349301512959 154329.30458708774
118.55013767968856 154329.32991122652
118.62678234424426 154329.355328682
118.70342700879667 154329.3808393444
118.78007167334576 154329.406443606
118.85671633789154 154329.43214354804
118.93336100243398 154329.45794232888
119.01000566697304 154329.48384193558
119.08665033150876 154329.50984186036
119.16329499604107 154329.53594069398
119.23993966057002 154329.5621394493
119.31658432509550 154329.58844306407
119.39322898961757 154329.61485820153
119.46987365413621 154329.64138981604
119.54651831865137 154329.66804010552
119.62316298316304 154329.6948100633
119.69980764767122 154329.72170132684
119.77645231217589 154329.74871685644
119.85309697667705 154329.7758607043
119.92974164117463 154329.80313773904
120.00638630566866 154329.83055347024
120.08303097015910 154329.85811339668
120.15967563464596 154329.88582183636
120.23632029912922 154329.91368138997
120.31296496360885 154329.9416941178
120.38960962808480 154329.96986361672
120.46625429255712 154329.9981957911
120.54289895702574 154330.02669761024
120.61954362149066 154330.0553758068
120.69618828595188 154330.0842373483
120.77283295040938 154330.11329077795
120.84947761486310 154330.1425463371
120.92612227931308 154330.17201451518
121.00276694375927 154330.2017045003
121.07941160820165 154330.2316238158
121.15605627264023 154330.2617790462
121.23270093707495 154330.29217675485
121.30934560150583 154330.3228240496
121.38599026593282 154330.35372886405
121.46263493035595 154330.38490004712
121.53927959477515 154330.41634722345
121.61592425919044 154330.4480806434
121.69256892360177 154330.48011128043
121.76921358800912 154330.51245091963
121.84585825241253 154330.54511187645
121.92250291681191 154330.5781066279
121.99914758120727 154330.61144786802
122.07579224559861 154330.64514879466
122.15243690998588 154330.67922300607
122.22908157436908 154330.71368394324
122.30572623874818 154330.74854437902
122.38237090312319 154330.78381635342
122.45901556749405 154330.81951163354
122.53566023186076 154330.8556424042
122.61230489622326 154330.89222151722
122.68894956058163 154330.92926183256
122.76559422493575 154330.9667751265
122.84223888928567 154331.00477166075
122.91888355363132 154331.0432609235
122.99552821797270 154331.0822528144
123.07217288230980 154331.12175820337
123.14881754664260 154331.16178869852
123.22546221097105 154331.20235605916
123.30210687529515 154331.24347132476
123.37875153961490 154331.2851437893
123.45539620393023 154331.32738063255
123.53204086824118 154331.37018759016
123.60868553254767 154331.41357002145
123.68533019684972 154331.45753378564
123.76197486114729 154331.50208535383
123.83861952544038 154331.54723067608
123.91526418972894 154331.59297389945
123.99190885401296 154331.63931748734
124.06855351829242 154331.68626293482
124.14519818256731 154331.73381020394
124.22184284683760 154331.78195664915
124.29848751110326 154331.8306976849
124.37513217536430 154331.88002867298
124.45177683962063 154331.9299458192
124.52842150387231 154331.9804459815
124.60506616811925 154332.03152609424
124.68171083236146 154332.08318167095
124.75835549659892 154332.13540456246
124.83500016083161 154332.1881818989
124.91164482505950 154332.2414975563
124.98828948928258 154332.2953350775
125.06493415350077 154332.3496796433
125.14157881771413 154332.4045178753
125.21822348192258 154332.45983629837
125.29486814612611 154332.51561992758
125.37151281032472 154332.57185172845
125.44815747451835 154332.62851282142
125.52480213870703 154332.68558276581
125.60144680289066 154332.74303947765
125.67809146706927 154332.80085923304
125.75473613124284 154332.85901735822
125.83138079541131 154332.91748920796
125.90802545957466 154332.97625061922
125.98467012373291 154333.03527787895
126.06131478788599 154333.09454763282
126.13795945203390 154333.15403657546
126.21460411617660 154333.21372058103
126.29124878031408 154333.2735736877
126.36789344444630 154333.33356790233
126.44453810857325 154333.3936741613
126.52118277269489 154333.45386361022
126.59782743681119 154333.5141082625
126.67447210092216 154333.57438105313
126.75111676502773 154333.63465574133
126.82776142912792 154333.69490664778
126.90440609322266 154333.75510810202
126.98105075731195 154333.81523416037
127.05769542139574 154333.87525924118
127.13434008547401 154333.93515903578
127.21098474954677 154333.99491033866
127.28762941361397 154334.05448975443
127.36427407767555 154334.1138728793
127.44091874173154 154334.1730350556
127.51756340578187 154334.23195279823
127.59420806982654 154334.29060441998
127.67085273386550 154334.34896969132
127.74749739789873 154334.40702919604
127.82414206192622 154334.4647640347
127.90078672594791 154334.52215632494
127.97743138996381 154334.5791896469
128.05407605397383 154334.63584806526
128.13072071797805 154334.69211469847
128.20736538197633 154334.74797243287
128.28401004596870 154334.80340655294
128.36065470995510 154334.85840592976
128.43729937393550 154334.91296114976
128.51394403790994 154334.96706175825
128.59058870187832 154335.02069528174
128.66723336584062 154335.07384854526
128.74387802979683 154335.12651009817
128.82052269374688 154335.17867223962
128.89716735769082 154335.23033130536
128.97381202162853 154335.2814857409
129.05045668556002 154335.332133675
129.12710134948529 154335.3822722552
129.20374601340427 154335.4318985326
129.28039067731692 154335.48101020986
129.35703534122325 154335.52960569182
129.43368000512316 154335.57768386262
129.51032466901668 154335.6252439744
129.58696933290378 154335.6722856521
129.66361399678439 154335.71880896532
129.74025866065853 154335.76481469642
129.81690332452612 154335.81030500322
129.89354798838713 154335.85528437851
129.97019265224154 154335.8997603096
130.04683731608935 154335.9437427297
130.12348197993046 154335.98724196202
130.20012664376489 154336.03026633261
130.27677130759258 154336.07282128138
130.35341597141348 154336.1149107603
130.43006063522762 154336.15654013527
130.50670529903491 154336.19771852353
130.58334996283534 154336.23845825915
130.65999462662884 154336.27877205494
130.73663929041547 154336.318671286
130.81328395419507 154336.3581666305
130.88992861796768 154336.3972691531
130.96657328173325 154336.43599078458
131.04321794549173 154336.47434466597
131.11986260924311 154336.51234535515
131.19650727298733 154336.5500083515
131.27315193672436 154336.58734893726
131.34979660045420 154336.6243811281
131.42644126417676 154336.66111777688
131.50308592789204 154336.6975721127
131.57973059159997 154336.73375958347
131.65637525530056 154336.76969851553
131.73301991899370 154336.8054094501
131.80966458267943 154336.84091414363
131.88630924635768 154336.87623475812
131.96295391002840 154336.91139317286
132.03959857369156 154336.9464106004
132.11624323734711 154336.98130776774
132.19288790099506 154337.01610544755
132.26953256463528 154337.05082490537
132.34617722826783 154337.0854880635
132.42282189189262 154337.12011770322
132.49946655550963 154337.15473811247
132.57611121911879 154337.1893759437
132.65275588272004 154337.22406076043
132.72940054631343 154337.25882479563
132.80604520989885 154337.293701378
132.88268987347627 154337.32872270123
132.95933453704563 154337.36391933318
133.03597920060693 154337.39932249405
133.11262386416013 154337.43496685286
133.18926852770514 154337.4708913137
133.26591319124191 154337.50713782766
133.34255785477049 154337.54374979672
133.41920251829075 154337.58077118828
133.49584718180267 154337.6182466029
133.57249184530625 154337.65622205398
133.64913650880135 154337.69474596204
133.72578117228801 154337.7338697973
133.80242583576614 154337.773648099
133.87907049923575 154337.81413815983
133.95571516269675 154337.85539993542
134.03235982614908 154337.89749636909
134.10900448959273 154337.94049376095
134.18564915302764 154337.98446186824
134.26229381645376 154338.0294740345
134.33893847987108 154338.07560779425
134.41558314327949 154338.12294560726
134.49222780667898 154338.17157475985
134.56887247006952 154338.22158625646
134.64551713345102 154338.27307391778
134.72216179682343 154338.32613488924
134.79880646018674 154338.38087117777
134.87545112354093 154338.43739070717
134.95209578688585 154338.49580716243
135.02874045022151 154338.55623955428
135.10538511354787 154338.6188127594
135.18202977686488 154338.6836587151
135.25867444017246 154338.75091669196
135.33531910347060 154338.82073212633
135.41196376675919 154338.89325538103
135.48860843003823 154338.96864173864
135.56525309330766 154339.04705241474
135.64189775656740 154339.12865579707
135.71854241981740 154339.21362848722
135.79518708305767 154339.3021557077
135.87183174628808 154339.39443053515
135.94847640950863 154339.49065214576
136.02512107271923 154339.5910242879
136.10176573591983 154339.6957552309
136.17841039911039 154339.8050592752
136.25505506229086 154339.91915857556
136.33169972546119 154340.03828362172
136.40834438862126 154340.16267153178
136.48498905177109 154340.29256283367
136.56163371491061 154340.42819857784
136.63827837803973 154340.56981935463
136.71492304115841 154340.71766617906
136.79156770426661 154340.8719818589
136.86821236736424 154341.03301153387
136.94485703045126 154341.2010019609
137.02150169352763 154341.37619957657
137.09814635659322 154341.55884711674
137.17479101964804 154341.7491787331
137.25143568269203 154341.94741495902
137.32808034572508 154342.15376025878
137.40472500874716 154342.36840486075
137.48136967175824 154342.59152887316
137.55801433475821 154342.8233035326
137.63465899774701 154343.06388598587
137.71130366072458 154343.31340967864
137.78794832369087 154343.5719765832
137.86459298664585 154343.83965576545
137.94123764958934 154344.1164870661
138.01788231252138 154344.4024841454
138.09452697544191 154344.69763065645
138.17117163835081 154345.00186810605
138.24781630124804 154345.31508392308
138.32446096413352 154345.63711422263
138.40110562700721 154345.9677627692
138.47775028986899 154346.30681418232
138.55439495271887 154346.65402122727
138.63103961555674 154347.009078137
138.70768427838249 154347.37160860797
138.78432894119609 154347.74117624195
138.86097360399751 154348.11730130867
138.93761826678659 154348.49946920632
139.01426292956333 154348.88713017848
139.09090759232762 154349.27969651227
139.16755225507941 154349.6765421688
139.24419691781867 154350.0770076681
139.32084158054522 154350.48040913264
139.39748624325907 154350.88604537657
139.47413090596010 154351.29319921235
139.55077556864828 154351.70113726304
139.62742023132350 154352.1091148673
139.70406489398565 154352.51638629992
139.78070955663478 154352.92221483964
139.85735421927066 154353.32587962042
139.93399888189333 154353.72668131578
140.01064354450261 154354.12394864892
140.08728820709851 154354.5170441637
140.16393286968091 154354.90536740737
140.24057753224974 154355.28835723049
140.31722219480488 154355.66549607433
140.39386685734632 154356.03631602295
140.47051151987392 154356.40040450764
140.54715618238765 154356.75740899242
140.62380084488737 154357.10704050722
140.70044550737299 154357.44907443723
140.77709016984451 154357.78334747092
140.85373483230177 154358.10975237386
140.93037949474473 154358.42823356492
141.00702415717325 154358.7387852416
141.08366881958727 154359.0414518233
141.16031348198672 154359.3363285945
141.23695814437147 154359.62355954477
141.31360280674147 154359.90333126264
141.39024746909661 154360.17586496775
141.46689213143682 154360.44140968137
141.54353679376197 154360.7002375683
141.62018145607200 154360.95264027445
141.69682611836683 154361.19892483333
141.77347078064633 154361.4394092333
141.85011544291041 154361.67441868637
141.92676010515899 154361.9042829661
142.00340476739197 154362.12933427465
142.08004942960926 154362.34990476648
142.15669409181075 154362.5663229122
142.23333875399635 154362.7789087684
142.30998341616595 154362.9879696955
142.38662807831946 154363.19379849068
142.46327274045677 154363.39667398116
142.53991740257780 154363.5968617306
142.61656206468243 154363.7946129562
142.69320672677057 154363.9901622029
142.76985138884208 154364.18372543994
142.84649605089692 154364.3754992617
142.92314071293492 154364.5656605628
142.99978537495602 154364.75436664213
143.07643003696006 154364.9417576451
143.15307469894699 154365.1279620629
143.22971936091668 154365.3131013266
143.30636402286899 154365.49728871897
143.38300868480385 154365.68062367916
143.45965334672113 154365.86318758572
143.53629800862072 154366.04504536957
143.61294267050249 154366.22625169356
143.68958733236636 154366.40685672188
143.76623199421218 154366.58690731885
143.84287665603986 154366.7664440711
143.91952131784927 154366.9454988605
143.99616597964030 154367.12409619722
144.07281064141279 154367.30225553527
144.14945530316669 154367.4799911003
144.22609996490181 154367.65731139082
144.30274462661808 154367.83422145093
144.37938928831534 154368.01072571296
144.45603394999344 154368.1868275626
144.53267861165233 154368.36252645147
144.60932327329186 154368.53781694232
144.68596793491187 154368.712691513
144.76261259651224 154368.88714398703
144.83925725809286 154369.06116995178
144.91590191965358 154369.23476451822
144.99254658119429 154369.40792069182
145.06919124271482 154369.580630272
145.14583590421506 154369.75288590527
145.22248056569484 154369.92468208284
145.29912522715409 154370.09601464402
145.37576988859260 154370.26687944215
145.45241455001027 154370.43727087305
145.52905921140700 154370.6071812006
145.60570387278256 154370.7766013832
145.68234853413682 154370.94552314235
145.75899319546969 154371.11394114807
145.83563785678098 154371.28185388644
145.91228251807058 154371.44926214576
145.98892717933830 154371.61616560654
146.06557184058403 154371.782559996
146.14221650180755 154371.9484372197
146.21886116300880 154372.11378823506
146.29550582418756 154372.27860655074
146.37215048534370 154372.44289111975
146.44879514647704 154372.60664840942
146.52543980758745 154372.76989170618
146.60208446867478 154372.93263460696
146.67872912973883 154373.09488035072
146.75537379077943 154373.25661554496
146.83201845179647 154373.4178157063
146.90866311278972 154373.57845976352
146.98530777375910 154373.7385425622
147.06195243470435 154373.8980767488
147.13859709562533 154374.05708422099
147.21524175652189 154374.2155841498
147.29188641739384 154374.37358512892
147.36853107824103 154374.5310844098
147.44517573906322 154374.68807236978
147.52182039986027 154374.844538711
147.59846506063204 154375.00047750474
147.67510972137828 154375.1558895151
147.75175438209885 154375.31078186005
147.82839904279351 154375.46516570024
147.90504370346213 154375.61905189054
147.98168836410451 154375.7724454691
148.05833302472047 154375.92534351494
148.13497768530976 154376.07773950667
148.21162234587226 154376.22963000785
148.28826700640772 154376.3810178331
148.36491166691596 154376.5319093336
148.44155632739677 154376.6823072
148.51820098784998 154376.8322062677
148.59484564827537 154376.98159924074
148.67149030867267 154377.13048743963
148.74813496904179 154377.27888456333
148.82477962938242 154377.42680928402
148.90142428969440 154377.57427403535
148.97806894997751 154377.7212796136
149.05471361023149 154377.86781865268
149.13135827045619 154378.0138832335
149.20800293065136 154378.15946967574
149.28464759081675 154378.30457842897
149.36129225095218 154378.4492123146
149.43793691105736 154378.5933758194
149.51458157113214 154378.73707466712
149.59122623117622 154378.88031432615
149.66787089118941 154379.02309818345
149.74451555117147 154379.16542705722
149.82116021112211 154379.30730067604
149.89780487104113 154379.4487199843
149.97444953092833 154379.58968809957
150.05109419078337 154379.73020893644
150.12773885060605 154379.87028543948
150.20438351039613 154380.0099200609
150.28102817015335 154380.1491169163
150.35767282987743 154380.2878826136
150.43431748956812 154380.42622452712
150.51096214922515 154380.56414798205
150.58760680884828 154380.70165440097
150.66425146843724 154380.83874158197
150.74089612799173 154380.97540564486
150.81754078751149 154381.1116429314
150.89418544699626 154381.24745091147
150.97083010644576 154381.38282861814
151.04747476585968 154381.5177771304
151.12411942523778 154381.652299756
151.20076408457973 154381.78640133774
151.27740874388525 154381.92008701622
151.35405340315404 154382.0533615398
151.43069806238583 154382.1862291893
151.50734272158027 154382.31869312568
151.58398738073711 154382.45075415896
151.66063203985604 154382.5824108227
151.73727669893671 154382.713661728
151.81392135797881 154382.8445084319
151.89056601698204 154382.9749563795
151.96721067594612 154383.105013449
152.04385533487064 154383.23468743052
152.12049999375535 154383.36398366065
152.19714465259986 154383.49290291526
152.27378931140385 154383.62143966186
152.35043397016702 154383.74958249167
152.42707862888898 154383.8773187697
152.50372328756941 154384.00464197868
152.58036794620796 154384.13155649812
152.65701260480424 154384.25807562604
152.73365726335794 154384.38421455806
152.81030192186867 154384.5099845274
152.88694658033606 154384.63539134068
152.96359123875976 154384.76043626014
153.04023589713941 154384.885117531
153.11688055547458 154385.0094329402
153.19352521376490 154385.13338235643
153.27016987201006 154385.2569679355
153.34681453020957 154385.38019207923
153.42345918836304 154385.5030557871
153.50010384647015 154385.62555884328
153.57674850453040 154385.74770090767
153.65339316254344 154385.86948231014
153.73003782050881 154385.99090372762
153.80668247842615 154386.11196500063
153.88332713629498 154386.23266512292
153.95997179411489 154386.35300426377
154.03661645188546 154386.4729856906
154.11326110960624 154386.5926158168
154.18990576727677 154386.71190298712
154.26655042489659 154386.8308556993
154.34319508246529 154386.9494800148
154.41983973998236 154387.0677768556
154.49648439744738 154387.18574130174
154.57312905485983 154387.30336488914
154.64977371221929 154387.4206392298
154.72641836952522 154387.53755882932
154.80306302677712 154387.65412279137
154.87970768397454 154387.7703356891
154.95635234111697 154387.88620683385
155.03299699820388 154388.00174744954
155.10964165523481 154388.11696723287
155.18628631220915 154388.23187221584
155.26293096912642 154388.34646404654
155.33957562598610 154388.46074003578
155.41622028278763 154388.57469429745
155.49286493953048 154388.68832021253
155.56950959621406 154388.80161314528
155.64615425283785 154388.91457207227
155.72279890940123 154389.027199637
155.79944356590369 154389.13950112482
155.87608822234463 154389.2514834579
155.95273287872342 154389.36315454886
156.02937753503949 154389.47452194753
156.10602219129225 154389.58559046494
156.18266684748104 154389.6963609255
156.25931150360529 154389.80683218478
156.33595615966433 154389.9170045499
156.41260081565758 154390.02687950825
156.48924547158433 154390.13645492692
156.56589012744394 154390.2457231405
156.64253478323579 154390.35467699496
156.71917943895915 154390.4633165745
156.79582409461338 154390.57164797155
156.87246875019778 154390.67967772597
156.94911340571164 154390.78741143044
157.02575806115428 154390.89485648286
157.10240271652495 154391.00202235542
157.17904737182295 154391.10891589077
157.25569202704753 154391.21553628132
157.33233668219793 154391.3218750208
157.40898133727342 154391.42792089152
157.48562599227321 154391.53366600056
157.56227064719656 154391.6391097342
157.63891530204265 154391.74425928303
157.71555995681067 154391.849126182
157.79220461149984 154391.95372122896
157.86884926610932 154392.05805192795
157.94549392063828 154392.16212318128
158.02213857508590 154392.2659382306
158.09878322945127 154392.36949785048
158.17542788373359 154392.472798994
158.25207253793195 154392.57583498824
158.32871719204545 154392.67859763504
158.40536184607313 154392.78107996235
158.48200650001419 154392.88327854118
158.55865115386763 154392.98519514152
158.63529580763250 154393.086837357
158.71194046130788 154393.1882173274
158.78858511489273 154393.28934836842
158.86522976838614 154393.39024057615
158.94187442178705 154393.49089735324
159.01851907509450 154393.59131498178
159.09516372830743 154393.69148575186
159.17180838142477 154393.79140228688
159.24845303444550 154393.891059975
159.32509768736853 154393.99045698583
159.40174234019273 154394.0895936766
159.47838699291708 154394.1884724113
159.55503164554040 154394.28709702773
159.63167629806151 154394.38547131314
159.70832095047930 154394.4835972972
159.78496560279262 154394.5814749801
159.86161025500022 154394.6791043479
159.93825490710091 154394.7764882689
160.01489955909344 154394.87363337885
160.09154421097654 154394.97054786078
160.16818886274902 154395.06723826792
160.24483351440952 154395.16370816677
160.32147816595679 154395.2599590647
160.39812281738944 154395.35599201178
160.47476746870612 154395.4518085398
160.55141211990548 154395.5474107585
160.62805677098615 154395.64280043152
160.70470142194668 154395.73797709038
160.78134607278562 154395.83293700338
160.85799072350156 154395.92767516754
160.93463537409295 154396.02218960316
161.01128002455835 154396.11648445728
161.08792467489613 154396.21056892848
161.16456932510482 154396.30445232656
161.24121397518280 154396.39813952637
161.31785862512848 154396.49163078575
161.39450327494021 154396.5849234264
161.47114792461630 154396.67801091174
161.54779257415504 154396.77088268363
161.62443722355482 154396.86352969287
161.70108187281380 154396.95595042783
161.77772652193022 154397.04814963325
161.85437117090231 154397.1401321897
161.93101581972815 154397.23190064437
162.00766046840593 154397.3234586771
162.08430511693373 154397.4148148965
162.16094976530965 154397.50598189663
162.23759441353167 154397.59697147668
162.31423906159779 154397.68779010852
162.39088370950603 154397.7784368862
162.46752835725425 154397.86890369034
162.54417300484039 154397.95917752854
162.62081765226228 154398.0492455604
162.69746229951772 154398.1391015437
162.77410694660452 154398.22875029768
162.85075159352039 154398.31820700347
162.92739624026308 154398.4074911054
163.00404088683015 154398.49661824756
163.08068553321931 154398.58559491474
163.15733017942807 154398.67441835243
163.23397482545397 154398.76308089675
163.31061947129450 154398.85157539314
163.38726411694705 154398.93989837746
163.46390876240906 154399.02804998812
163.54055340767783 154399.1160320686
163.61719805275069 154399.20384654883
163.69384269762483 154399.29149514303
163.77048734229743 154399.3789800607
163.84713198676562 154399.4663046739
163.92377663102653 154399.55347317638
164.00042127507712 154399.64048923957
164.07706591891440 154399.72735489244
164.15371056253522 154399.81407084997
164.23035520593646 154399.90063780625
164.30699984911485 154399.98705685238
164.38364449206719 154400.07332838327
164.46028913479006 154400.1594513078
164.53693377728013 154400.24542452817
164.61357841953381 154400.33124975907
164.69022306154761 154400.41693222473
164.76686770331790 154400.50247730114
164.84351234484097 154400.58788588797
164.92015698611308 154400.6731536339
164.99680162713037 154400.7582755729
165.07344626788890 154400.84325207368
165.15009090838467 154400.92809071066
165.22673554861359 154401.01280270633
165.30338018857148 154401.0973971055
165.38002482825408 154401.18187678876
165.45666946765706 154401.26623834358
165.53331410677589 154401.35047508474
165.60995874560612 154401.43458076657
165.68660338414307 154401.5185518039
165.76324802238199 154401.60238771798
165.83989266031810 154401.6860908861
165.91653729794635 154401.7696663786
165.99318193526182 154401.8531217905
166.06982657225922 154401.93646662257
166.14647120893335 154402.01971028672
166.22311584527876 154402.10285858688
166.29976048128995 154402.18591175525
166.37640511696131 154402.26886694986
166.45304975228703 154402.35172266373
166.52969438726123 154402.4344801588
166.60633902187786 154402.517141379
166.68298365613074 154402.59970696043
166.75962829001358 154402.68217652582
166.83627292351989 154402.7645498319
166.91291755664307 154402.84682725422
166.98956218937630 154402.9290102721
167.06620682171268 154403.01110216998
167.14285145364514 154403.09310747668
167.21949608516641 154403.17502967807
167.29614071626898 154403.25686904855
167.37278534694531 154403.33862270202
167.44942997718749 154403.42028725136
167.52607460698758 154403.50186260184
167.60271923633741 154403.58335439756
167.67936386522848 154403.6647729712
167.75600849365225 154403.7461288594
167.83265312159986 154403.82742802854
167.90929774906226 154403.90867057425
167.98594237603018 154403.98985346738
168.06258700249401 154404.07097453775
168.13923162844409 154404.15203471127
168.21587625387036 154404.23303759523
168.29252087876250 154404.3139873597
168.36916550310994 154404.394886553
168.44581012690190 154404.475735177
168.52245475012720 154404.55653133904
168.59909937277442 154404.6372729011
168.67574399483178 154404.71795941028
168.75238861628733 154404.7985936773
168.82903323712856 154404.87918206523
168.90567785734282 154404.95973286917
168.98232247691701 154405.04025377228
169.05896709583766 154405.12075030993
169.13561171409089 154405.20122607725
169.21225633166256 154405.28168371186
169.28890094853799 154405.36212540275
169.36554556470213 154405.44255267546
169.44219018013953 154405.5229661544
169.51883479483413 154405.60336594237
169.59547940876965 154405.68375221748
169.67212402192911 154405.76412510927
169.74876863429512 154405.84448415073
169.82541324584975 154405.92482923198
169.90205785657452 154406.00516378487
169.97870246645039 154406.08549672886
170.05534707545772 154406.16583872086
170.13199168357630 154406.24619489265
170.20863629078522 154406.32656195687
170.28528089706296 154406.40693305142
170.36192550238732 154406.4873053176
170.43857010673537 154406.5676835993
170.51521471008343 154406.64807825838
170.59185931240708 154406.72849948477
170.66850391368104 154406.80895210573
170.74514851387920 154406.88943468456
170.82179311297469 154406.96994400205
170.89843771093965 154407.05048125566
170.97508230774520 154407.1310548336
171.05172690336158 154407.21167832956
171.12837149775805 154407.2923662036
171.20501609090260 154407.37312978526
171.28166068276224 154407.45397478656
171.35830527330279 154407.53490006705
171.43494986248882 154407.6158975479
171.51159445028370 154407.69695444894
171.58823903664938 154407.7780583027
171.66488362154638 154407.85920232334
171.74152820493387 154407.94038788564
171.81817278676940 154408.02162374448
171.89481736700893 154408.10292439646
171.97146194560671 154408.18430891677
172.04810652251538 154408.2657987707
172.12475109768556 154408.3474132077
172.20139567106602 154408.42916423842
172.27804024260337 154408.5110548603
172.35468481224234 154408.59308179538
172.43132937992510 154408.67524099338
172.50797394559169 154408.75753284871
172.58461850917959 154408.83996374812
172.66126307062368 154408.92254292077
172.73790762985601 154409.00527824755
172.81455218680597 154409.08817559696
172.89119674139957 154409.17124163473
172.96784129355979 154409.2544865839
173.04448584320625 154409.3379244263
173.12113039025490 154409.42157051765
173.19777493461791 154409.5054378889
173.27441947620352 154409.58953385532
173.35106401491561 154409.67385853385
173.42770855065368 154409.75840645022
173.50435308331242 154409.8431708762
173.58099761278166 154409.92814857842
173.65764213894556 154410.01334246524
173.73428666168303 154410.09876177704
173.81093118086670 154410.18442133567
173.88757569636286 154410.2703408228
173.96422020803104 154410.35654342055
174.04086471572359 154410.4430530005
174.11750921928504 154410.5298906389
174.19415371855186 154410.61707246286
174.27079821335167 154410.7046100497
174.34744270350271 154410.79251266737
174.42408718881336 154410.88078937677
174.50073166908129 154410.9694494852
174.57737614409254 154411.0585025631
174.65402061362121 154411.14796042454
174.73066507742783 154411.23784007973
174.80730953525926 154411.32816397314
174.88395398684688 154411.41895684382
174.96059843190577 154411.5102422546
175.03724287013353 154411.60204147082
175.11388730120871 154411.69437461824
175.19053172478931 154411.7872623854
175.26717614051128 154411.88072664294
175.34382054798655 154411.97478988022
175.42046494680116 154412.06947441527
175.49710933651286 154412.16480205738
175.57375371664875 154412.26079393603
175.65039808670267 154412.35747054403
175.72704244613217 154412.45485289284
175.80368679435517 154412.55296567702
175.88033113074624 154412.65184132624
175.95697545463244 154412.7515218601
176.03361976528893 154412.85205678793
176.11026406193378 154412.9534994939
176.18690834372225 154413.0559052296
176.26355260973997 154413.15933059226
176.34019685899648 154413.26383274523
176.41684109041606 154413.3694686233
176.49348530282941 154413.47629554124
176.57012949496243 154413.58437320872
176.64677366542460 154413.69376563962
176.72341781269560 154413.8045426257
176.80006193510897 154413.91678197726
176.87670603083512 154414.03057165426
176.95335009786021 154414.14600881407
177.02999413396256 154414.2631959092
177.10663813668521 154414.382238115
177.18328210330381 154414.5032452452
177.25992603078916 154414.62633672694
177.33656991576362 154414.75164588596
177.41321375444926 154414.87932312672
177.48985754260698 154415.00954091328
177.56650127546342 154415.14250044516
177.64314494762496 154415.27843337686
177.71978855297272 154415.41759446322
177.79643208453689 154415.5602513036
177.87307553434360 154415.70668222714
177.94971889322699 154415.85718552454
178.02636215059781 154416.01209476666
178.10300529415630 154416.1717916345
178.17964830953295 154416.33670948187
178.25629117983232 154416.5073263462
178.33293388505436 154416.6841565192
178.40957640134570 154416.8677516346
178.48621870002586 154417.05871211027
178.56286074630154 154417.25769427585
178.63950249754515 154417.46539753978
178.71614390096019 154417.68252921413
178.79278489035806 154417.9097550471
178.86942538162307 154418.14763043262
178.94606526620822 154418.3964961251
179.02270440157031 154418.6563305458
179.09934259674051 154418.92656634192
179.17597958986158 154419.20589098343
179.25261501195445 154419.49210028903
179.32924832595401 154419.7821893319
179.40587871880612 154420.07307284715
179.48250489832839 154420.36357795593
179.55912468007219 154420.65840456917
179.63573405897745 154420.97385405112
179.71232482340400 154421.3420409906
179.78887712040958 154421.80519354757
179.86532800685026 154422.39133859545
179.94133006008855 154423.07993876698
