7.0424918691564684E-002 25918.82540287422
0.16165457442375220 48134.83977029187
0.25342299057936035 65294.72605483727
0.34531313569362060 77564.85549645142
0.43724945547763933 85927.75808696069
0.52920811929532330 91505.66982419377
0.62117927024165753 95222.63222052684
0.71315810081078068 97733.18561621459
0.80514198888337252 99467.02971334885
0.89712938337795223 100696.60265586739
0.98911930833881601 101592.9422490713
1.0811111190951197 102264.02008381291
1.1731043727408783 102779.01080321241
1.2650987549532644 103183.12564854788
1.3570940365012150 103506.58499196291
1.4490900462821830 103770.06131494298
1.5410866540005290 103988.02091351878
1.6330837586880085 104170.80829766365
1.7250812808939420 104325.97210824308
1.8170791572438272 104459.12413277093
1.9090773365696143 104574.50738745109
2.0010757771066205 104675.37873454517
2.0930744444277014 104764.27263908056
2.1850733099009103 104843.18638610523
2.2770723495187655 104913.7127243499
2.3690715430008753 104977.1355356079
2.4610708730982558 105034.49978631694
2.5530703250468880 105086.66321738009
2.6450698861361177 105134.33544816714
2.7370695453636724 105178.10779396408
2.8290692931578438 105218.47635750391
2.9210691211523949 105255.85990291295
3.0130690220025649 105290.61389464891
3.1050689892338861 105323.04160702469
3.1970690171169673 105353.40319658551
3.2890691005631640 105381.92308194403
3.3810692350375908 105408.79586664136
3.4730694164858371 105434.19098564386
3.5650696412719114 105458.25645603565
3.6570699061255341 105481.12196518408
3.7490702080974749 105502.90145195909
3.8410705445209050 105523.69525674339
3.9330709129785375 105543.59196248522
4.0250713112741643 105562.67001510774
4.1170717374075547 105580.99915712564
4.2090721895536767 105598.64165464956
4.3010726660433765 105615.65330654083
4.3930731653473885 105632.08427269758
4.4850736860619840 105647.97974375176
4.5770742268960882 105663.3804805799
4.6690747866606124 105678.32326199717
4.7610753642581800 105692.84131219597
4.8530759586747454 105706.9647205475
4.9450765689715590 105720.72084790248
5.0370771942786465 105734.13466789726
5.1290778337882719 105747.22902199821
5.2210784867497066 105760.02479689397
5.3130791524642591 105772.5410928556
5.4050798302806662 105784.79538916296
5.4970805195914636 105796.80369154978
5.5890812198289348 105808.58065228285
5.6810819304623852 105820.13969137627
5.7730826509947430 105831.49312023888
5.8650833809602627 105842.65228559042
5.9570841199218210 105853.62769980641
6.0490848674690678 105864.42911042165
6.1410856232161173 105875.06552285935
6.2330863867998660 105885.54526991914
6.3250871578783752 105895.87613990305
6.4170879361293363 105906.06547016733
6.5090887212485962 105916.12012200055
6.6010895129490255 105926.04640665503
6.6930903109591888 105935.85009289876
6.7850911150225022 105945.536515981
6.8770919248959643 105955.11068424677
6.9690927403495060 105964.5773108031
7.0610935611650278 105973.9407898688
7.1530943871356438 105983.20518689828
7.2450952180649386 105992.37428401418
7.3370960537664098 106001.45165068812
7.4290968940628055 106010.44067656825
7.5210977387854046 106019.34456075975
7.6130985877738686 106028.1663059675
7.7050994408752826 106036.90873869215
7.7971002979441169 106045.57453664516
7.8891011588415720 106054.16624284815
7.9811020234351870 106062.68626804183
8.0731028915987046 106071.13689123988
8.1651037632113468 106079.52026399675
8.2571046381578537 106087.83841174786
8.3491055163280503 106096.09323095677
8.4411063976164744 106104.28648461358
8.5331072819223124 106112.41980018587
8.6251081691490139 106120.49467414961
8.7171090592040681 106128.51249270995
8.8091099519988401 106136.4745614906
8.9011108474483933 106144.38212870297
8.9931117454712552 106152.23639970674
9.0851126459892289 106160.0385515962
9.1771135489273021 106167.78974107622
9.2691144542133657 106175.49109882808
9.3611153617782588 106183.1437149868
9.4531162715553787 106190.74862955142
9.5451171834807980 106198.30683279545
9.6371180974929285 106205.8192623298
9.7291190135326318 106213.28678207881
9.8211199315429276 106220.71016168385
9.9131208514688822 106228.09008456419
10.005121773257716 106235.42717944179
10.097122696858447 106242.7220475538
10.189123622222061 106249.97527735267
10.281124549301127 106257.18745598906
10.373125478050101 106264.35918161356
10.465126408424899 106271.49107347449
10.557127340382964 106278.58376993489
10.649128273883358 106285.63790185716
10.741129208886361 106292.65405004294
10.833130145353715 106299.63271450394
10.925131083248417 106306.5743140643
11.017132022534739 106313.47921497108
11.109132963178046 106320.34776681702
11.201133905144934 106327.18032439092
11.293134848403053 106333.9772557245
11.385135792921103 106340.73894289618
11.477136738668747 106347.46577241391
11.569137685616649 106354.15811775487
11.661138633736433 106360.81632352676
11.753139583000571 106367.44070060828
11.845140533382372 106374.03153599228
11.937141484855971 106380.58910770612
12.029142437396388 106387.11369104107
12.121143390979238 106393.60555628935
12.213144345581037 106400.06496174609
12.305145301178861 106406.4921463266
12.397146257750594 106412.88733144333
12.489147215274668 106419.25073321085
12.581148173730186 106425.58257422892
12.673149133096873 106431.88308974085
12.765150093355011 106438.15252616267
12.857151054485476 106444.39113148928
12.949152016469636 106450.59914244556
13.041152979289471 106456.77677079031
13.133153942927398 106462.92419286999
13.225154907366322 106469.04155339673
13.317155872589657 106475.12898282894
13.409156838581218 106481.18661638709
13.501157805325354 106487.21460530354
13.593158772806722 106493.21311346347
13.685159741010498 106499.18230488876
13.777160709922168 106505.1223392245
13.869161679527670 106511.03337991219
13.961162649813248 106516.9156045645
14.053163620765577 106522.76920402281
14.145164592371636 106528.5943625105
14.237165564618724 106534.39123200777
14.329166537494533 106540.15992080385
14.421167510986979 106545.90049918283
14.513168485084345 106551.6130208149
14.605169459775198 106557.29755655052
14.697170435048411 106562.95421676458
14.789171410893086 106568.58314240056
14.881172387298637 106574.18447786737
14.973173364254691 106579.75835381636
15.065174341751188 106585.30489128387
15.157175319778265 106590.82421206214
15.249176298326329 106596.31643766092
15.341177277386009 106601.78168063953
15.433178256948123 106607.22003993443
15.525179237003755 106612.63160638975
15.617180217544179 106618.01647460106
15.709181198560863 106623.37475007302
15.801182180045487 106628.70655052189
15.893183161989922 106634.01200379852
15.985184144386219 106639.29123867617
16.077185127226642 106644.5443729142
16.169186110503567 106649.77150654745
16.261187094209607 106654.97272333212
16.353188078337507 106660.14810137227
16.445189062880210 106665.29772467051
16.537190047830720 106670.42168746723
16.629191033182337 106675.52009341923
16.721192018928402 106680.5930508092
16.813193005062438 106685.64066587324
16.905193991578102 106690.66303607984
16.997194978469210 106695.66024263014
17.089195965729683 106700.63235036751
17.181196953353581 106705.57941906992
17.273197941335091 106710.50151699396
17.365198929668527 106715.39872871697
17.457199918348341 106720.27115269461
17.549200907369052 106725.11889338229
17.641201896725342 106729.94205856924
17.733202886411956 106734.74076006959
17.825203876423807 106739.51511216105
17.917204866755871 106744.26522481299
18.009205857403224 106748.99119110488
18.101206848361070 106753.69307771361
18.193207839624691 106758.37092610261
18.285208831189447 106763.02476675104
18.377209823050844 106767.65464304191
18.469210815204423 106772.26062834429
18.561211807645840 106776.84282656711
18.653212800370845 106781.40136103361
18.745213793375243 106785.93635790658
18.837214786654929 106790.44793190007
18.929215780205901 106794.93617764984
19.021216774024207 106799.40116920389
19.113217768105990 106803.84297115823
19.205218762447462 106808.26165190116
19.297219757044893 106812.65728923638
19.389220751894637 106817.02996743613
19.481221746993118 106821.3797692653
19.573222742336831 106825.70677332138
19.665223737922336 106830.01105845776
19.757224733746224 106834.29270912803
19.849225729805188 106838.55181860342
19.941226726095980 106842.78848700123
20.033227722615397 106847.00281746691
20.125228719360290 106851.19491246676
20.217229716327591 106855.3648660874
20.309230713514250 106859.51275472902
20.401231710917330 106863.63863106618
20.493232708533871 106867.7425304989
20.585233706361052 106871.82449605557
20.677234704396025 106875.88460796354
20.769235702636021 106879.92299581815
20.861236701078354 106883.93981831677
20.953237699720329 106887.93522086028
21.045238698559320 106891.90930359383
21.137239697592758 106895.86212109897
21.229240696818117 106899.79371278353
21.321241696232907 106903.70413965145
21.413242695834683 106907.59349672226
21.505243695621026 106911.46189542486
21.597244695589584 106915.30943344151
21.689245695738023 106919.13617893106
21.781246696064084 106922.94218027298
21.873247696565503 106926.72748575927
21.965248697240078 106930.49215825455
22.057249698085631 106934.23628042321
22.149250699100030 106937.95995450305
22.241251700281182 106941.66329926549
22.333252701627007 106945.3464380083
22.425253703135485 106949.00948044444
22.517254704804632 106952.65250989511
22.609255706632446 106956.27558630385
22.701256708617024 106959.87876275
22.793257710756450 106963.4620957984
22.885258713048874 106967.02564475055
22.977259715492405 106970.56947296076
23.069260718085282 106974.0936573548
23.161261720825689 106977.59829661502
23.253262723711877 106981.08350583226
23.345263726742139 106984.54940528143
23.437264729914748 106987.99611210391
23.529265733228037 106991.4237306422
23.621266736680369 106994.83234245674
23.713267740270105 106998.22200478391
23.805268743995654 107001.59276620272
23.897269747855447 107004.94468884157
23.989270751847926 107008.2778549445
24.081271755971571 107011.59235553443
24.173272760224883 107014.88827442858
24.265273764606370 107018.16568277919
24.357274769114600 107021.424646202
24.449275773748116 107024.66523442636
24.541276778505512 107027.8875279031
24.633277783385388 107031.09161900727
24.725278788386387 107034.27761053118
24.817279793507140 107037.4456115343
24.909280798746337 107040.595726728
25.001281804102657 107043.72804301728
25.093282809574784 107046.84262085421
25.185283815161476 107049.93950111314
25.277284820861478 107053.01872612671
25.369285826673526 107056.08035883201
25.461286832596421 107059.12448738403
25.553287838628943 107062.15121268971
25.645288844769944 107065.16063352
25.737289851018218 107068.1528438862
25.829290857372623 107071.12794126084
25.921291863832035 107074.08603335333
26.013292870395343 107077.02723147672
26.105293877061417 107079.95163682612
26.197294883829201 107082.85933174375
26.289295890697588 107085.750379777
26.381296897665550 107088.62483116415
26.473297904732025 107091.4827276227
26.565298911896008 107094.32410926769
26.657299919156465 107097.14902497081
26.749300926512390 107099.95754269302
26.841301933962814 107102.74975497292
26.933302941506760 107105.52577436066
27.025303949143261 107108.28572210224
27.117304956871383 107111.02971504131
27.209305964690181 107113.75785640313
27.301306972598738 107116.47023270153
27.393307980596148 107119.16691451105
27.485308988681510 107121.84796209469
27.577309996853927 107124.5134332581
27.669311005112554 107127.16339090087
27.761312013456514 107129.79790640144
27.853313021884947 107132.41705542424
27.945314030397029 107135.0209104809
28.037315038991927 107137.60953689994
28.129316047668830 107140.18299813916
28.221317056426919 107142.7413652484
28.313318065265413 107145.28472237807
28.405319074183510 107147.8131666852
28.497320083180437 107150.3268019276
28.589321092255442 107152.82572893107
28.681322101407758 107155.31003598853
28.773323110636625 107157.77979364818
28.865324119941345 107160.23505599308
28.957325129321156 107162.67586742327
29.049326138775356 107165.10227404228
29.141327148303226 107167.51433268595
29.233328157904076 107169.91211432025
29.325329167577209 107172.29570284991
29.417330177321940 107174.66519225588
29.509331187137601 107177.02068314955
29.601332197023520 107179.36227569034
29.693333206979037 107181.69006255706
29.785334217003516 107184.00412527833
29.877335227096307 107186.304532989
29.969336237256766 107188.59134025706
30.061337247484293 107190.86458668782
30.153338257778231 107193.12430827969
30.245339268138018 107195.37055695581
30.337340278562998 107197.60341204538
30.429341289052612 107199.82297111598
30.521342299606253 107202.02932981994
30.613343310223357 107204.22257125833
30.705344320903329 107206.40276936186
30.797345331645612 107208.56999708671
30.889346342449638 107210.724327872
30.981347353314860 107212.86583165363
31.073348364240719 107214.9945717993
31.165349375226683 107217.11060362175
31.257350386272215 107219.21397540797
31.349351397376786 107221.30473539024
31.441352408539863 107223.3829454519
31.533353419760942 107225.4486895589
31.625354431039518 107227.50206908722
31.717355442375055 107229.54319014827
31.809356453767094 107231.57215172023
31.901357465215114 107233.58903924485
31.993358476718626 107235.59391877941
32.085359488277163 107237.5868319006
32.177360499890241 107239.56779791915
32.269361511557392 107241.53682951641
32.361362523278153 107243.49395757157
32.453363535052041 107245.43924848175
32.545364546878631 107247.37280114417
32.637365558757452 107249.29472579015
32.729366570688072 107251.20512316359
32.821367582670050 107253.10407613167
32.913368594702931 107254.99165145947
33.005369606786310 107256.86790413262
33.097370618919740 107258.73288029073
33.189371631102816 107260.58662334643
33.281372643335111 107262.42918347972
33.373373655616213 107264.26062508879
33.465374667945724 107266.08102461167
33.557375680323240 107267.89046014784
33.649376692748355 107269.68900372904
33.741377705220671 107271.47672133356
33.833378717739819 107273.25367506022
33.925379730305387 107275.01991822544
34.017380742917013 107276.77548895791
34.109381755574304 107278.52041337526
34.201382768276900 107280.25471917137
34.293383781024424 107281.97845017984
34.385384793816520 107283.69167329361
34.477385806652812 107285.39447712248
34.569386819532944 107287.08696117341
34.661387832456576 107288.76921856913
34.753388845423345 107290.44132007695
34.845389858432910 107292.10330983976
34.937390871484929 107293.75521628483
35.029391884579056 107295.39706845692
35.121392897714948 107297.02890648386
35.213393910892300 107298.65078065256
35.305394924110757 107300.26274439206
35.397395937370007 107301.86484925004
35.489396950669722 107303.45714647883
35.581397964009597 107305.03969191291
35.673398977389283 107306.61254663122
35.765399990808497 107308.17577268652
35.857401004266926 107309.72942806977
35.949402017764264 107311.27356548715
36.041403031300192 107312.8082333256
36.133404044874432 107314.33347752296
36.225405058486686 107315.84934397615
36.317406072136635 107317.35587977237
36.409407085824007 107318.85313350253
36.501408099548513 107320.34115452693
36.593409113309868 107321.81999268953
36.685410127107787 107323.28969698848
36.777411140941993 107324.75031185812
36.869412154812210 107326.20187448068
36.961413168718153 107327.64441932298
37.053414182659566 107329.07798886366
37.145415196636186 107330.50263882965
37.237416210647723 107331.91843215257
37.329417224693934 107333.32542680536
37.421418238774542 107334.72366817297
37.513419252889300 107336.11319059311
37.605420267037957 107337.494025471
37.697421281220251 107338.8662102107
37.789422295435926 107340.22979191544
37.881423309684742 107341.5848260785
37.973424323966462 107342.93137245401
38.065425338280811 107344.2694898213
38.157426352627589 107345.59922848297
38.249427367006525 107346.92062220801
38.341428381417394 107348.23368594887
38.433429395859967 107349.53842459504
38.525430410334003 107350.83485281732
38.617431424839282 107352.12301519643
38.709432439375554 107353.4029919741
38.801433453942622 107354.67488111641
38.893434468540242 107355.93876568264
38.985435483168210 107357.19468883263
39.077436497826284 107358.44265352761
39.169437512514264 107359.68264697718
39.261438527231938 107360.91467311732
39.353439541979071 107362.1387729706
39.445440556755464 107363.35501971682
39.537441571560926 107364.56349440255
39.629442586395221 107365.76426070216
39.721443601258152 107366.9573546252
39.813444616149518 107368.1427919635
39.905445631069114 107369.32058466392
39.997446646016748 107370.49075631193
40.089447660992214 107371.65334851718
40.181448675995320 107372.8084165641
40.273449691025867 107373.95601725367
40.365450706083671 107375.09619748214
40.457451721168525 107376.22899237514
40.549452736280244 107377.35443473441
40.641453751418659 107378.47256560372
40.733454766583563 107379.5834323094
40.825455781774792 107380.6870786257
40.917456796992127 107381.78354124242
41.009457812235418 107382.87285499585
41.101458827504494 107383.9550555647
41.193459842799136 107385.03017658576
41.285460858119208 107386.09824880934
41.377461873464512 107387.1593048408
41.469462888834883 107388.21338436122
41.561463904230159 107389.26053301385
41.653464919650148 107390.30079639166
41.745465935094686 107391.33421378642
41.837466950563616 107392.36081632435
41.929467966056777 107393.38063015227
42.021468981573989 107394.39368231766
42.113469997115089 107395.40000546149
42.205471012679929 107396.39963918559
42.297472028268345 107397.39263037253
42.389473043880166 107398.37903321025
42.481474059515250 107399.35890696693
42.573475075173434 107400.33230805962
42.665476090854568 107401.29927940773
42.757477106558476 107402.25984468272
42.849478122285035 107403.21401276198
42.941479138034083 107404.16179014056
43.033480153805471 107405.10319376044
43.125481169599048 107406.03825858403
43.217482185414674 107406.96703575621
43.309483201252185 107407.88958213801
43.401484217111459 107408.80594785762
43.493485232992334 107409.71617127661
43.585486248894689 107410.6202825928
43.677487264818360 107411.51830997123
43.769488280763220 107412.41028350835
43.861489296729118 107413.2962359884
43.953490312715935 107414.17620240788
44.045491328723529 107415.05021914442
44.137492344751749 107415.9183228673
44.229493360800483 107416.78054943458
44.321494376869587 107417.6369343298
44.413495392958922 107418.48751324453
44.505496409068364 107419.33232126589
44.597497425197787 107420.17139350483
44.689498441347062 107421.00476814134
44.781499457516055 107421.83248739701
44.873500473704638 107422.6545906839
44.965501489912690 107423.47110483151
45.057502506140089 107424.28204395704
45.149503522386702 107425.08742157728
45.241504538652414 107425.88726186471
45.333505554937098 107426.68160050099
45.425506571240632 107427.47047945282
45.517507587562903 107428.25394165935
45.609508603903798 107429.03202869704
45.701509620263174 107429.80478002554
45.793510636640931 107430.57223041853
45.885511653036964 107431.33440703998
45.977512669451137 107432.09133308288
46.069513685883337 107432.84303520634
46.161514702333470 107433.5895436764
46.253515718801403 107434.33088658063
46.345516735287042 107435.06708948074
46.437517751790253 107435.79818288801
46.529518768310943 107436.52420634097
46.621519784848999 107437.24520259222
46.713520801404314 107437.96120820091
46.805521817976775 107438.67225124192
46.897522834566288 107439.3783574175
46.989523851172734 107440.07955500932
47.081524867796013 107440.77587168221
47.173525884436017 107441.46732706
47.265526901092649 107442.1539313507
47.357527917765800 107442.8356935046
47.449528934455380 107443.51263351423
47.541529951161273 107444.18478924435
47.633530967883381 107444.85221295447
47.725531984621618 107445.51496077982
47.817533001375871 107446.17308206919
47.909534018146040 107446.82661290304
48.001535034932047 107447.47557450738
48.093536051733778 107448.11997754835
48.185537068551142 107448.7598301314
48.277538085384045 107449.39514455218
48.369539102232380 107450.0259393223
48.461540119096071 107450.65223880095
48.553541135975024 107451.2740730719
48.645542152869140 107451.89147587311
48.737543169778320 107452.50447897404
48.829544186702485 107453.1131080455
48.921545203641543 107453.71738719898
49.013546220595394 107454.31734827708
49.105547237563968 107454.9130326079
49.197548254547158 107455.50448021064
49.289549271544878 107456.09171794522
49.381550288557058 107456.6747604299
49.473551305583591 107457.25362191703
49.565552322624399 107457.82832430326
49.657553339679410 107458.39889247305
49.749554356748511 107458.96534564145
49.841555373831639 107459.52769694783
49.933556390928715 107460.08596184343
50.025557408039631 107460.64016569857
50.117558425164333 107461.19034428382
50.209559442302726 107461.73653779857
50.301560459454713 107462.27878345171
50.393561476620242 107462.8171115803
50.485562493799229 107463.35154525338
50.577563510991567 107463.88210116874
50.669564528197206 107464.40879167059
50.761565545416069 107464.93162940421
50.853566562648048 107465.45063234174
50.945567579893101 107465.96582580422
51.037568597151122 107466.47724097807
51.129569614422060 107466.98491152632
51.221570631705816 107467.48886933958
51.313571649002334 107467.98914007338
51.405572666311535 107468.48574117228
51.497573683633341 107468.9786844366
51.589574700967674 107469.46798177266
51.681575718314463 107469.95364948166
51.773576735673643 107470.43570943552
51.865577753045137 107470.91418848491
51.957578770428874 107471.3891168662
52.049579787824783 107471.8605258649
52.141580805232799 107472.32844590399
52.233581822652837 107472.79290582164
52.325582840084834 107473.25393144127
52.417583857528733 107473.71154260715
52.509584874984455 107474.16575092555
52.601585892451929 107474.6165625799
52.693586909931092 107475.06398644441
52.785587927421872 107475.50804125935
52.877588944924206 107475.94875531312
52.969589962438022 107476.3861597878
53.061590979963263 107476.82028330425
53.153591997499852 107477.2511510444
53.245593015047739 107477.67878505365
53.337594032606852 107478.10320220809
53.429595050177127 107478.52441371579
53.521596067758487 107478.94243146281
53.613597085350897 107479.35727757019
53.705598102954269 107479.76898640262
53.797599120568556 107480.1775952698
53.889600138193678 107480.58313295267
53.981601155829587 107480.98561593718
54.073602173476218 107481.3850530633
54.165603191133513 107481.78145253338
54.257604208801403 107482.17482541838
54.349605226479838 107482.56518349728
54.441606244168746 107482.95253707166
54.533607261868077 107483.33690038856
54.625608279577783 107483.71830203931
54.717609297297784 107484.09678664405
54.809610315028031 107484.47240031126
54.901611332768461 107484.84517267393
54.993612350519015 107485.21511316553
55.085613368279652 107485.58222277577
55.177614386050308 107485.94650709927
55.269615403830905 107486.3079796503
55.361616421621413 107486.6666570903
55.453617439421770 107487.02255482992
55.545618457231917 107487.37568774982
55.637619475051807 107487.72607342548
55.729620492881367 107488.07373408884
55.821621510720554 107488.41869649712
55.913622528569320 107488.76098994167
56.005623546427600 107489.10064152011
56.097624564295344 107489.4376711692
56.189625582172503 107489.77209150679
56.281626600059020 107490.10391284378
56.373627617954845 107490.43314813248
56.465628635859922 107490.75981393461
56.557629653774207 107491.08392834269
56.649630671697636 107491.40550804105
56.741631689630175 107491.7245669739
56.833632707571759 107492.04111829393
56.925633725522339 107492.35517848826
57.017634743481871 107492.66676921293
57.109635761450299 107492.97591361603
57.201636779427581 107493.28263008752
57.293637797413645 107493.58693058926
57.385638815408484 107493.8888264036
57.477639833412006 107494.1883345875
57.569640851424190 107494.48547808925
57.661641869444978 107494.78028076806
57.753642887474314 107495.07276305737
57.845643905512176 107495.36294049489
57.937644923558480 107495.65082415781
58.029645941613211 107495.93642210649
58.121646959676312 107496.21974174857
58.213647977747719 107496.50079333602
58.305648995827411 107496.77959310116
58.397650013915332 107497.05616324503
58.489651032011452 107497.33052793551
58.581652050115686 107497.60270874284
58.673653068228020 107497.87272295704
58.765654086348398 107498.14058508817
58.857655104476784 107498.40630837533
58.949656122613128 107498.66990388109
59.041657140757387 107498.93138019538
59.133658158909519 107499.19074651145
59.225659177069474 107499.44801618201
59.317660195237202 107499.70320650247
59.409661213412676 107499.95633557059
59.501662231595866 107500.20742000826
59.593663249786680 107500.45647537675
59.685664267985125 107500.70351776692
59.777665286191144 107500.94856407597
59.869666304404689 107501.191630429
59.961667322625708 107501.43273025821
60.053668340854173 107501.67187423934
60.145669359090043 107501.90907241494
60.237670377333274 107502.1443371101
60.329671395583830 107502.37768430897
60.421672413841669 107502.60913194259
60.513673432106742 107502.83869617553
60.605674450379013 107503.06638907013
60.697675468658453 107503.29221997573
60.789676486945012 107503.51619911035
60.881677505238649 107503.73834001587
60.973678523539327 107503.95865886255
61.065679541846997 107504.17717178277
61.157680560161658 107504.39389266203
61.249681578483219 107504.60883253945
61.341682596811673 107504.82200006493
61.433683615146975 107505.03340281003
61.525684633489099 107505.2430502769
61.617685651837981 107505.45095733907
61.709686670193605 107505.65714436371
61.801687688555916 107505.8616325171
61.893688706924898 107506.06443833605
61.985689725300496 107506.26557188413
62.077690743682687 107506.46503862104
62.169691762071423 107506.6628436874
62.261692780466674 107506.85899735293
62.353693798868392 107507.0535173933
62.445694817276568 107507.24642384102
62.537695835691132 107507.4377301275
62.629696854112076 107507.62744063073
62.721697872539352 107507.81555745902
62.813698890972923 107508.00208866593
62.905699909412753 107508.18705080665
62.997700927858816 107508.37046528266
63.089701946311067 107508.55235123851
63.181702964769485 107508.73272037196
63.273703983234022 107508.9115785941
63.365705001704654 107509.08893254522
63.457706020181327 107509.26479349454
63.549707038664032 107509.43917552302
63.641708057152734 107509.61209153381
63.733709075647383 107509.78355129888
63.825710094147951 107509.95356223632
63.917711112654409 107510.12213157307
64.009712131166722 107510.28926895985
64.101713149684855 107510.4549883046
64.193714168208771 107510.61930702091
64.285715186738443 107510.78224214731
64.377716205273842 107510.94380593646
64.469717223814939 107511.10400458986
64.561718242361692 107511.26284136037
64.653719260914073 107511.42032138987
64.745720279472053 107511.5764542355
64.837721298035589 107511.73125260694
64.929722316604668 107511.88472934563
65.021723335179232 107512.03689616316
65.113724353759281 107512.18776514301
65.205725372344759 107512.3373502664
65.297726390935651 107512.48566586651
65.389727409531915 107512.63272296103
65.481728428133522 107512.77852758071
65.573729446740458 107512.92308347141
65.665730465352681 107513.06639707269
65.757731483970147 107513.2084797162
65.849732502592843 107513.34934484614
65.941733521220726 107513.48900371781
66.033734539853782 107513.62746420442
66.125735558491982 107513.76473297083
66.217736577135284 107513.90081805285
66.309737595783673 107514.03572960476
66.401738614437093 107514.16947882582
66.493739633095529 107514.30207680009
66.585740651758968 107514.4335343279
66.677741670427366 107514.56386192911
66.769742689100696 107514.69306905671
66.861743707778928 107514.82116396127
66.953744726462048 107514.94815529691
67.045745745150001 107515.07405316578
67.137746763842785 107515.1988679767
67.229747782540343 107515.32260844816
67.321748801242677 107515.44528000473
67.413749819949757 107515.56688483998
67.505750838661527 107515.68742544977
67.597751857377986 107515.80690971251
67.689752876099092 107515.92535231155
67.781753894824831 107516.04277047636
67.873754913555160 107516.15917795838
67.965755932290051 107516.274582675
68.057756951029504 107516.38898912264
68.149757969773475 107516.50240224418
68.241758988521937 107516.6148293715
68.333760007274847 107516.72627994975
68.425761026032205 107516.83676449562
68.517762044793983 107516.94629366687
68.609763063560138 107517.05487713819
68.701764082330641 107517.16252197321
68.793765101105507 107517.26923181469
68.885766119884664 107517.37500882537
68.977767138668099 107517.47985786412
69.069768157455783 107517.58378895235
69.161769176247716 107517.686815285
69.253770195043828 107517.78894920278
69.345771213844145 107517.89020034026
69.437772232648598 107517.990576366
69.529773251457172 107518.09008343403
69.621774270269867 107518.18872524083
69.713775289086641 107518.2865029772
69.805776307907465 107518.38341840677
69.897777326732324 107518.47947814173
69.989778345561163 107518.57469450113
70.081779364394009 107518.66908166528
70.173780383230792 107518.76265131004
70.265781402071511 107518.85541200558
70.357782420916138 107518.9473715259
70.449783439764644 107519.03853848425
70.541784458617030 107519.12892188794
70.633785477473211 107519.21852983214
70.725786496333242 107519.30736798103
70.817787515197040 107519.39543782972
70.909788534064589 107519.48273708584
71.001789552935890 107519.56926470739
71.093790571810914 107519.65502707512
71.185791590689604 107519.74003810927
71.277792609571989 107519.82431289722
71.369793628458012 107519.9078616499
71.461794647347659 107519.99068896697
71.553795666240902 107520.07279770506
71.645796685137725 107520.15419355979
71.737797704038087 107520.2348864624
71.829798722941987 107520.3148877111
71.921799741849412 107520.39420560018
72.013800760760290 107520.47284338025
72.105801779674664 107520.5508010208
72.197802798592463 107520.62807887798
72.289803817513672 107520.7046802004
72.381804836438292 107520.78061139857
72.473805855366265 107520.85588138433
72.565806874297607 107520.93050106775
72.657807893232274 107521.00448229462
72.749808912170238 107521.07783583773
72.841809931111499 107521.15056972553
72.933810950055999 107521.2226889753
73.025811969003769 107521.29419612291
73.117812987954736 107521.3650915731
73.209814006908928 107521.43537414535
73.301815025866276 107521.50504295793
73.393816044826778 107521.57410052048
73.485817063790421 107521.6425547384
73.577818082757176 107521.71041763718
73.669819101727015 107521.77770155475
73.761820120699923 107521.84441595375
73.853821139675887 107521.91056700013
73.945822158654877 107521.97615918134
74.037823177636866 107522.04119693856
74.129824196621854 107522.10568501378
74.221825215609798 107522.16962790418
74.313826234600683 107522.23302981403
74.405827253594495 107522.29589543969
74.497828272591207 107522.35823027582
74.589829291590803 107522.42003962777
74.681830310593256 107522.48132738342
74.773831329598551 107522.54209601964
74.865832348606673 107522.60234829888
74.957833367617596 107522.66208941025
75.049834386631304 107522.72132704014
75.141835405647754 107522.78006850767
75.233836424666947 107522.83831814691
75.325837443688883 107522.89607860382
75.417838462713490 107522.95335448948
75.509839481740798 107523.0101535125
75.601840500770749 107523.06648388
75.693841519803343 107523.1223516182
75.785842538838565 107523.17776062747
75.877843557876389 107523.23271418196
75.969844576916785 107523.2872153885
76.061845595959753 107523.34126638027
76.153846615005250 107523.39486801244
76.245847634053277 107523.44802126268
76.337848653103805 107523.5007295414
76.429849672156820 107523.55299983709
76.521850691212308 107523.6048414732
76.613851710270211 107523.65626337432
76.705852729330573 107523.70727185303
76.797853748393322 107523.75787023024
76.889854767458459 107523.80806003872
76.981855786525983 107523.8578426302
77.073856805595852 107523.90722018442
77.165857824668038 107523.95619593051
77.257858843742540 107524.00477401116
77.349859862819329 107524.05295937492
77.441860881898421 107524.10075763414
77.533861900979744 107524.14817455504
77.625862920063312 107524.19521531744
77.717863939149098 107524.24188416933
77.809864958237085 107524.28818457617
77.901865977327247 107524.33411922498
77.993866996419584 107524.37968986153
78.085868015514052 107524.4248979126
78.177869034610652 107524.4697459404
78.269870053709369 107524.5142384601
78.361871072810160 107524.5583811609
78.453872091913027 107524.60217942663
78.545873111017954 107524.64563750167
78.637874130124914 107524.68875841935
78.729875149233891 107524.7315441519
78.821876168344858 107524.77399612153
78.913877187457814 107524.81611652167
79.005878206572731 107524.85790966585
79.097879225689610 107524.8993817991
79.189880244808393 107524.94053926013
79.281881263929094 107524.98138655657
79.373882283051685 107525.02192570452
79.465883302176152 107525.06215720846
79.557884321302481 107525.10208219488
79.649885340430629 107525.14170406316
79.741886359560610 107525.18102822575
79.833887378692395 107525.22006059319
79.925888397825972 107525.25880635167
80.017889416961310 107525.29726929455
80.109890436098397 107525.33545126334
80.201891455237217 107525.37335212782
80.293892474377756 107525.41097104117
80.385893493520001 107525.448308544
80.477894512663909 107525.48536797037
80.569895531809493 107525.52215502059
80.661896550956726 107525.55867599028
80.753897570105579 107525.59493610584
80.845898589256052 107525.63093874977
80.937899608408117 107525.66668536907
81.029900627561773 107525.7021759048
81.121901646716964 107525.73740986014
81.213902665873704 107525.77238769457
81.305903685031993 107525.80711175305
81.397904704191774 107525.84158620148
81.489905723353061 107525.87581624222
81.581906742515798 107525.90980729202
81.673907761680027 107525.94356441287
81.765908780845663 107525.97709182238
81.857909800012749 107526.01039250883
81.949910819181241 107526.04346828694
82.041911838351126 107526.07632026302
82.133912857522375 107526.10894928043
82.225913876695003 107526.14135613161
82.317914895868952 107526.17354159403
82.409915915044223 107526.20550645377
82.501916934220816 107526.23725194583
82.593917953398702 107526.2687807753
82.685918972577866 107526.30009774062
82.777919991758282 107526.33120874349
82.869921010939947 107526.36211858425
82.961922030122807 107526.39282944259
83.053923049306903 107526.42334137551
83.145924068492192 107526.45365428075
83.237925087678661 107526.48376965604
83.329926106866282 107526.51369091151
83.421927126055053 107526.54342221272
83.513928145244947 107526.57296676465
83.605929164435949 107526.60232569312
83.697930183628046 107526.63149835517
83.789931202821222 107526.66048407469
83.881932222015465 107526.68928415026
83.973933241210744 107526.71790240605
84.065934260407062 107526.74634371091
84.157935279604402 107526.77461187182
84.249936298802723 107526.80270871083
84.341937318002024 107526.83063473807
84.433938337202306 107526.85839051311
84.525939356403526 107526.88597760761
84.617940375605684 107526.91339861766
84.709941394808766 107526.94065637088
84.801942414012743 107526.96775310913
84.893943433217601 107526.99469045264
84.985944452423311 107527.02147008374
85.077945471629903 107527.04809430198
85.169946490837319 107527.0745658013
85.261947510045559 107527.10088690375
85.353948529254595 107527.1270591377
85.445949548464441 107527.15308359181
85.537950567675054 107527.17896146691
85.629951586886406 107527.20469416704
85.721952606098512 107527.23028304453
85.813953625311356 107527.25572930691
85.905954644524897 107527.28103423987
85.997955663739134 107527.30619947183
86.089956682954039 107527.33122703803
86.181957702169612 107527.35611926617
86.273958721385853 107527.38087854994
86.365959740602705 107527.40550698181
86.457960759820168 107527.43000598252
86.549961779038242 107527.4543762788
86.641962798256884 107527.47861835925
86.733963817476109 107527.50273313496
86.825964836695888 107527.5267223867
86.917965855916208 107527.55058868951
87.009966875137025 107527.5743348126
87.101967894358367 107527.5979629296
87.193968913580179 107527.62147407886
87.285969932802502 107527.64486827992
87.377970952025251 107527.66814547492
87.469971971248455 107527.6913067384
87.561972990472071 107527.71435469651
87.653974009696114 107527.73729275641
87.745975028920554 107527.76012382511
87.837976048145379 107527.78284940937
87.929977067370544 107527.80546958784
88.021978086596079 107527.82798391856
88.113979105821954 107527.85039260417
88.205980125048129 107527.87269673489
88.297981144274615 107527.89489734445
88.389982163501386 107527.91699453368
88.481983182728428 107527.9389879201
88.573984201955724 107527.96087805965
88.665985221183263 107527.98266739387
88.757986240411029 107528.0043598983
88.849987259639008 107528.02595983636
88.941988278867171 107528.04747051511
89.033989298095506 107528.06889365026
89.125990317324025 107528.0902294787
89.217991336552672 107528.11147744501
89.309992355781461 107528.13263706754
89.401993375010363 107528.1537084756
89.493994394239365 107528.17469238216
89.585995413468467 107528.19558975125
89.677996432697611 107528.21640153108
89.769997451926841 107528.23712855564
89.861998471156085 107528.25777159433
89.953999490385371 107528.27833159
90.046000509614629 107528.29880999943
90.138001528843915 107528.31920888962
90.230002548073159 107528.33953051627
90.322003567302389 107528.35977659271
90.414004586531533 107528.37994783597
90.506005605760635 107528.40004418742
90.598006624989637 107528.42006555144
90.690007644218539 107528.44001255753
90.782008663447328 107528.4598869003
90.874009682675975 107528.47969107413
90.966010701904494 107528.49942766168
91.058011721132829 107528.51909856641
91.150012740360992 107528.5387045496
91.242013759588971 107528.55824524078
91.334014778816737 107528.57771959642
91.426015798044276 107528.59712663718
91.518016817271572 107528.61646620632
91.610017836498614 107528.63573945672
91.702018855725385 107528.65494883817
91.794019874951871 107528.67409755584
91.886020894178046 107528.69318868472
91.978021913403921 107528.71222422803
92.070022932629456 107528.73120444102
92.162023951854621 107528.75012780994
92.254024971079446 107528.76899193278
92.346025990303886 107528.7877949292
92.438027009527929 107528.80653649953
92.530028028751545 107528.82521808805
92.622029047974749 107528.843842335
92.714030067197498 107528.86241228339
92.806031086419807 107528.88093068408
92.898032105641633 107528.89939963206
92.990033124862975 107528.91782060811
93.082034144083792 107528.93619470236
93.174035163304112 107528.95452264494
93.266036182523891 107528.97280452457
93.358037201743116 107528.99103955443
93.450038220961758 107529.00922633913
93.542039240179832 107529.02736357736
93.634040259397295 107529.04545063812
93.726041278614147 107529.06348767121
93.818042297830388 107529.08147550689
93.910043317045961 107529.09941566091
94.002044336260866 107529.11731035898
94.094045355475103 107529.13516234566
94.186046374688644 107529.15297446627
94.278047393901488 107529.17074924178
94.370048413113594 107529.18848863425
94.462049432324946 107529.20619395738
94.554050451535559 107529.22386577429
94.646051470745405 107529.2415038324
94.738052489954441 107529.25910723937
94.830053509162681 107529.27667488449
94.922054528370097 107529.29420584673
95.014055547576689 107529.31169956381
95.106056566782399 107529.32915580482
95.198057585987257 107529.3465746917
95.290058605191234 107529.36395694659
95.382059624394316 107529.38130425275
95.474060643596474 107529.39861932166
95.566061662797694 107529.415905332
95.658062681997976 107529.4331649419
95.750063701197277 107529.45039945527
95.842064720395598 107529.46760852195
95.934065739592938 107529.48479042866
96.026066758789256 107529.50194295142
96.118067777984535 107529.5190645569
96.210068797178778 107529.53615533869
96.302069816371954 107529.5532170202
96.394070835564051 107529.57025198902
96.486071854755053 107529.58726211393
96.578072873944947 107529.60424823008
96.670073893133704 107529.62121052535
96.762074912321339 107529.63814928605
96.854075931507808 107529.65506526138
96.946076950693097 107529.67195939804
97.038077969877179 107529.68883237502
97.130078989060053 107529.7056844504
97.222080008241718 107529.7225156143
97.314081027422134 107529.73932575893
97.406082046601298 107529.75611478218
97.498083065779184 107529.77288273572
97.590084084955777 107529.78963007298
97.682085104131048 107529.80635785888
97.774086123304997 107529.82306769822
97.866087142477625 107529.83976130841
97.958088161648874 107529.85643995772
98.050089180818759 107529.8731041384
98.142090199987251 107529.88975370994
98.234091219154323 107529.90638838478
98.326092238319973 107529.92300815067
98.418093257484202 107529.93961334969
98.510094276646939 107529.95620449622
98.602095295808226 107529.97278207584
98.694096314968007 107529.98934648796
98.786097334126282 107530.00589818944
98.878098353283036 107530.02243793634
98.970099372438227 107530.03896685276
99.062100391591883 107530.05548616432
99.154101410743948 107530.07199678752
99.246102429894421 107530.08849908602
99.338103449043274 107530.10499285861
99.430104468190507 107530.12147749106
99.522105487336091 107530.13795231395
99.614106506479999 107530.15441713274
99.706107525622244 107530.17087262732
99.798108544762783 107530.18732029913
99.890109563901603 107530.20376197917
99.982110583038690 107530.22019925494
100.07411160217403 107530.23663321859
100.16611262130760 107530.25306465002
100.25811364043938 107530.26949435458
100.35011465956937 107530.28592323525
100.44211567869752 107530.30235198776
100.53411669782385 107530.31878070123
100.62611771694831 107530.33520871699
100.71811873607091 107530.3516349312
100.81011975519161 107530.36805844367
100.90212077431039 107530.38447915985
100.99412179342727 107530.40089795958
101.08612281254219 107530.41731638809
101.17812383165514 107530.43373609842
101.27012485076611 107530.45015830662
101.36212586987509 107530.46658352231
101.45412688898205 107530.48301175295
101.54612790808697 107530.49944299861
101.63812892718984 107530.51587752123
101.73012994629063 107530.53231571167
101.82213096538935 107530.54875792433
101.91413198448593 107530.5652045586
102.00613300358042 107530.5816562772
102.09813402267275 107530.59811413763
102.19013504176291 107530.61457946512
102.28213606085090 107530.63105345516
102.37413707993669 107530.6475367662
102.46613809902026 107530.6640294196
102.55813911810158 107530.68053103657
102.65014013718067 107530.6970412031
102.74214115625746 107530.71355978402
102.83414217533196 107530.73008706042
102.92614319440415 107530.74662359654
103.01814421347402 107530.76316994631
103.11014523254154 107530.77972649754
103.20214625160668 107530.79629360267
103.29414727066943 107530.81287178957
103.38614828972979 107530.82946174104
103.47814930878769 107530.84606401822
103.57015032784318 107530.86267880381
103.66215134689620 107530.87930592531
103.75415236594672 107530.89594516417
103.84615338499475 107530.91259663113
103.93815440404025 107530.92926097756
104.03015542308322 107530.94593938449
104.12215644212361 107530.96263341412
104.21415746116143 107530.97934485081
104.30615848019666 107530.99607560894
104.39815949922925 107531.01282755677
104.49016051825920 107531.02960200814
104.58216153728651 107531.04639909812
104.67416255631112 107531.06321764932
104.76616357533304 107531.08005569209
104.85816459435225 107531.0969112216
104.95016561336870 107531.11378288479
105.04216663238240 107531.13067056931
105.13416765139333 107531.14757575933
105.22616867040145 107531.16450141679
105.31816968940674 107531.18145130282
105.41017070840920 107531.19842886746
105.50217172740879 107531.21543613031
105.59417274640550 107531.23247321701
105.68617376539932 107531.24953887307
105.77817478439020 107531.26663149445
105.87017580337815 107531.28374992065
105.96217682236313 107531.30089366535
106.05417784134512 107531.31806274527
106.14617886032411 107531.33525749588
106.23817987930008 107531.35247864781
106.33018089827299 107531.3697274395
106.42218191724282 107531.38700530738
106.51418293620958 107531.4043132685
106.60618395517322 107531.42165167353
106.69818497413372 107531.43902058616
106.79018599309107 107531.4564202287
106.88218701204526 107531.47385092532
106.97418803099623 107531.49131273426
107.06618904994400 107531.5088054323
107.15819006888850 107531.52632911481
107.25019108782976 107531.54388488262
107.34219210676773 107531.56147485027
107.43419312570239 107531.5791013395
107.52619414463373 107531.59676584194
107.61819516356171 107531.61446839696
107.71019618248633 107531.63220764985
107.80219720140754 107531.64998154977
107.89419822032534 107531.66778846002
107.98619923923971 107531.68562821584
108.07820025815059 107531.70350249097
108.17020127705801 107531.72141404991
108.26220229596191 107531.73936519108
108.35420331486227 107531.75735653548
108.44620433375910 107531.77538735594
108.53820535265234 107531.79345733489
108.63020637154199 107531.8115681234
108.72220739042801 107531.82972316301
108.81420840931038 107531.84792583511
108.90620942818909 107531.86617740104
108.99821044706411 107531.88447634733
109.09021146593541 107531.90281964818
109.18221248480296 107531.92120494081
109.27421350366676 107531.93963204784
109.36621452252679 107531.95810297287
109.45821554138297 107531.97662065936
109.55021656023536 107531.99518767912
109.64221757908386 107532.01380589197
109.73421859792849 107532.03247696723
109.82621961676921 107532.05120272221
109.91822063560599 107532.06998459643
110.01022165443882 107532.08882278012
110.10222267326768 107532.10771610566
110.19422369209254 107532.12666296243
110.28622471091336 107532.14566224621
110.37822572973013 107532.1647134355
110.47022674854281 107532.1838161337
110.56222776735140 107532.20297000944
110.65422878615585 107532.22217532323
110.74622980495617 107532.2414333363
110.83823082375228 107532.26074597119
110.93023184254422 107532.28011492538
111.02223286133190 107532.29954102295
111.11423388011534 107532.3190242524
111.20623489889449 107532.33856420024
111.29823591766936 107532.35816044256
111.39023693643986 107532.3778128868
111.48223795520602 107532.39752220485
111.57423897396779 107532.41729008059
111.66623999272515 107532.4371187725
111.75824101147806 107532.45701011475
111.85024203022653 107532.47696486393
111.94224304897048 107532.49698308115
112.03424406770993 107532.5170651493
112.12624508644484 107532.53721229853
112.21824610517517 107532.55742597634
112.31024712390091 107532.57770663072
112.40224814262201 107532.59805321455
112.49424916133847 107532.61846411187
112.58625018005024 107532.63893872024
112.67825119875732 107532.65947823772
112.77025221745966 107532.68008521297
112.86225323615722 107532.70076253684
112.95425425485000 107532.72151230225
113.04625527353795 107532.74233482561
113.13825629222107 107532.76322869935
113.23025731089930 107532.78419209743
113.32225832957263 107532.8052242773
113.41425934824103 107532.82632625371
113.50626036690447 107532.84750034045
113.59826138556291 107532.86874882756
113.69026240421634 107532.89007267811
113.78226342286472 107532.91147129575
113.87426444150802 107532.93294356097
113.96626546014622 107532.9544891447
114.05826647877927 107532.97610883926
114.15026749740716 107532.99780366757
114.24226851602987 107533.01957387717
114.33426953464733 107533.041419077
114.42627055325956 107533.06333936112
114.51827157186648 107533.08533600072
114.61027259046810 107533.1074108803
114.70227360906436 107533.12956541151
114.79427462765526 107533.15180016423
114.88627564624073 107533.17411547432
114.97827666482075 107533.19651203889
115.07027768339535 107533.21899053738
115.16227870196441 107533.24155068395
115.25427972052795 107533.26419104895
115.34628073908593 107533.28691022634
115.43828175763832 107533.30970836928
115.53028277618508 107533.33258757443
115.62228379472617 107533.35555068612
115.71428481326157 107533.37859954893
115.80628583179124 107533.40173404003
115.89828685031517 107533.42495244589
115.99028786883329 107533.44825287285
116.08228888734560 107533.47163485021
116.17428990585206 107533.4951001134
116.26629092435263 107533.5186518242
116.35829194284727 107533.54229250192
116.45029296133598 107533.56602230025
116.54229397981868 107533.58983932859
116.63429499829536 107533.61374184852
116.72629601676597 107533.63773028723
116.81829703523051 107533.66180730585
116.91029805368895 107533.68597632133
117.00229907214120 107533.71024015093
117.09430009058725 107533.73460048855
117.18630110902708 107533.7590580771
117.27830212746066 107533.7836136597
117.37030314588793 107533.80826891311
117.46230416430888 107533.83302591236
117.55430518272344 107533.8578856759
117.64630620113162 107533.88284797868
117.73830721953334 107533.90791294017
117.83030823792859 107533.93308247626
117.92230925631733 107533.95836011678
118.01431027469950 107533.98374977296
118.10631129307511 107534.00925462147
118.19831231144408 107534.03487672696
118.29031332980641 107534.06061768439
118.38231434816201 107534.08647982891
118.47431536651091 107534.11246689892
118.56631638485304 107534.1385836429
118.65831740318835 107534.16483497576
118.75031842151678 107534.19122546483
118.84231943983836 107534.21775920934
118.93432045815301 107534.24443974458
119.02632147646068 107534.27127003689
119.11832249476136 107534.29825309331
119.21032351305499 107534.32539311233
119.30232453134154 107534.35269614197
119.39432554962100 107534.38016952733
119.48632656789326 107534.4078208023
119.57832758615834 107534.43565732415
119.67032860441618 107534.46368705103
119.76232962266674 107534.49191952986
119.85433064090996 107534.52036593115
119.94633165914583 107534.5490379223
120.03833267737429 107534.57794609752
120.13033369559533 107534.60709889112
120.22233471380885 107534.6365027243
120.31433573201488 107534.6661635696
120.40633675021331 107534.69608901048
120.49833776840416 107534.72628920658
120.59033878658732 107534.75677610481
120.68233980476280 107534.7875620326
120.77434082293054 107534.81865933718
120.86634184109049 107534.85008119444
120.95834285924262 107534.88184204037
121.05034387738688 107534.9139566325
121.14234489552321 107534.94643873564
121.23434591365161 107534.9793007861
121.32634693177198 107535.012554357
121.41834794988432 107535.0462106127
121.51034896798856 107535.08028065815
121.60234998608466 107535.11477602473
121.69435100417260 107535.14970929771
121.78635202225229 107535.18509437883
121.87835304032369 107535.22094583743
121.97035405838679 107535.25727769261
122.06235507644152 107535.29410270073
122.15435609448782 107535.33143274556
122.24635711252569 107535.36927952529
122.33835813055502 107535.40765436593
122.43035914857580 107535.4465675883
122.52236016658800 107535.48602867727
122.61436118459153 107535.52604688627
122.70636220258636 107535.56663104368
122.79836322057243 107535.60778885918
122.89036423854972 107535.64952690688
122.98236525651815 107535.6918512352
123.07436627447765 107535.73476747783
123.16636729242825 107535.77828001704
123.25836831036982 107535.82239107089
123.35036932830236 107535.8671007795
123.44237034622580 107535.9124083176
123.53437136414009 107535.9583131035
123.62637238204515 107536.0048152788
123.71837339994097 107536.05191519433
123.81037441782749 107536.0996120696
123.90237543570464 107536.14790252839
123.99437645357241 107536.19677990832
124.08637747143068 107536.24623445598
124.17837848927944 107536.29625386487
124.27037950711863 107536.34682394472
124.36238052494821 107536.39792951925
124.45438154276809 107536.44955525671
124.54638256057824 107536.50168599284
124.63838357837858 107536.55430659022
124.73038459616909 107536.60740180097
124.82238561394971 107536.66095640406
124.91438663172035 107536.71495514897
125.00638764948100 107536.76938142948
125.09838866723153 107536.82421452632
125.19038968497198 107536.87942772204
125.28239070270222 107536.9349901436
125.37439172042222 107536.99087155527
125.46639273813193 107537.04704577605
125.55839375583125 107537.10349003512
125.65039477352016 107537.16018209222
125.74239579119859 107537.21709853537
125.83439680886649 107537.27421514923
125.92639782652378 107537.33150774395
126.01839884417043 107537.38895171463
126.11039986180631 107537.44652018741
126.20240087943145 107537.50418284221
126.29440189704573 107537.56190745022
126.38640291464911 107537.61966270843
126.47840393224151 107537.67741916524
126.57040494982287 107537.73514813656
126.66240596739317 107537.792821258
126.75440698495225 107537.85041138853
126.84640800250014 107537.9078930786
126.93840902003674 107537.96524157314
127.03041003756199 107538.02243147642
127.12241105507580 107538.07943671469
127.21441207257814 107538.13623189516
127.30641309006892 107538.19279356525
127.39841410754806 107538.24910048126
127.49041512501556 107538.30513347131
127.58241614247129 107538.36087528178
127.67441715991517 107538.41630982669
127.76641817734718 107538.4714205783
127.85841919476721 107538.52618915969
127.95042021217522 107538.58059565893
128.04242122957112 107538.63462074951
128.13442224695487 107538.68824791051
128.22642326432634 107538.74146446797
128.31842428168557 107538.79426153046
128.41042529903234 107538.84663295947
128.50242631636667 107538.89857343913
128.59442733368846 107538.95007656148
128.68642835099769 107539.00113389034
128.77842936829418 107539.05173523698
128.87043038557795 107539.10187013501
128.96243140284889 107539.15153031146
129.05443242010691 107539.20071188362
129.14643343735196 107539.24941543573
129.23843445458394 107539.29764388429
129.33043547180282 107539.3454003793
129.42243648900842 107539.39268789324
129.51443750620078 107539.4395095903
129.60643852337975 107539.48586867629
129.69843954054528 107539.53176815946
129.79044055769728 107539.57721157532
129.88244157483570 107539.62220437206
129.97444259196038 107539.66675457159
130.06644360907129 107539.71087186894
130.15844462616838 107539.75456585748
130.25044564325151 107539.79784503122
130.34244666032060 107539.84071769803
130.43444767737560 107539.88319419126
130.52644869441644 107539.9252882192
130.61844971144296 107539.9670156948
130.71045072845513 107540.00839236815
130.80245174545286 107540.04943321082
130.89445276243606 107540.09015404311
130.98645377940460 107540.1305731933
131.07845479635847 107540.17071138167
131.17045581329754 107540.21059006768
131.26245683022168 107540.25022979494
131.35445784713087 107540.28964971498
131.44645886402498 107540.32886836796
131.53845988090393 107540.36790533242
131.63046089776762 107540.40678315153
131.72246191461596 107540.44552867438
131.81446293144884 107540.48417301245
131.90646394826621 107540.52274996412
131.99846496506797 107540.56129376935
132.09046598185395 107540.59983746568
132.18246699862414 107540.63841270214
132.27446801537837 107540.67705121257
132.36646903211661 107540.71578699914
132.45847004883873 107540.7546574378
132.55047106554463 107540.7937025602
132.64247208223421 107540.8329637325
132.73447309890739 107540.87248351159
132.82647411556400 107540.91230703279
132.91847513220401 107540.95248349839
133.01047614882725 107540.99306607939
133.10247716543373 107541.03411019803
133.19447818202323 107541.07567196789
133.28647919859569 107541.11780843734
133.37848021515100 107541.16057937851
133.47048123168906 107541.20404894145
133.56248224820976 107541.24828599996
133.65448326471295 107541.29336366626
133.74648428119860 107541.33935912565
133.83848529766655 107541.38635390834
133.93048631411668 107541.43443376367
134.02248733054887 107541.48368790756
134.11448834696304 107541.53420854626
134.20648936335905 107541.58609160047
134.29849037973682 107541.63943825803
134.39049139609619 107541.69435603826
134.48249241243713 107541.75095897356
134.57449342875935 107541.80936790246
134.66649444506291 107541.86971139557
134.75849546134759 107541.93212623856
134.85049647761329 107541.9967562862
134.94249749385992 107542.06375019233
135.03449851008730 107542.13325985723
135.12649952629536 107542.20544109106
135.21850054248395 107542.28045637727
135.31050155865296 107542.35847785101
135.40250257480221 107542.43968842342
135.49450359093163 107542.52428079379
135.58650460704109 107542.61245571318
135.67850562313043 107542.70442071704
135.77050663919954 107542.80038954786
135.86250765524827 107542.90058188145
135.95450867127647 107543.00522310288
136.04650968728407 107543.11454437273
136.13851070327090 107543.2287831724
136.23051171923677 107543.34818363731
136.32251273518165 107543.4729957529
136.41451375110535 107543.6034736833
136.50651476700767 107543.73987446625
136.59851578288857 107543.88245761438
136.69051679874781 107544.03148484332
136.78251781458533 107544.18721886286
136.87451883040094 107544.34992106113
136.96651984619453 107544.51984870182
137.05852086196595 107544.69725218034
137.15052187771497 107544.88237239086
137.24252289344153 107545.075438111
137.33452390914545 107545.27666371004
137.42652492482657 107545.48624733987
137.51852594048478 107545.70436885406
137.61052695611983 107545.93118722599
137.70252797173166 107546.16683891021
137.79452898732006 107546.41143742092
137.88653000288491 107546.66507094349
137.97853101842603 107546.92779558343
138.07053203394324 107547.1996275646
138.16253304943641 107547.48053958977
138.25453406490533 107547.77046127296
138.34653508034987 107548.06927922691
138.43853609576985 107548.3768341523
138.53053711116510 107548.69291619984
138.62253812653549 107549.01726182285
138.71453914188081 107549.34955425998
138.80654015720089 107549.68942572176
138.89854117249553 107550.03645705884
138.99054218776459 107550.39017568603
139.08254320300790 107550.75005728274
139.17454421822521 107551.11553182626
139.26654523341645 107551.48598826997
139.35854624858135 107551.86077551945
139.45054726371976 107552.23920398555
139.54254827883150 107552.620551839
139.63454929391634 107553.00407439898
139.72655030897414 107553.38901105885
139.81855132400469 107553.7745871078
139.91055233900778 107554.16001628438
140.00255335398325 107554.54451151645
140.09455436893089 107554.92730088053
140.18655538385048 107555.30763877781
140.27855639874187 107555.68480879639
140.37055741360479 107556.05812361307
140.46255842843908 107556.42692837186
140.55455944324453 107556.79060980045
140.64656045802093 107557.14860834688
140.73856147276805 107557.50042783785
140.83056248748576 107557.84563923493
140.92256350217372 107558.18387988633
141.01456451683180 107558.51485166077
141.10656553145978 107558.83831957974
141.19856654605738 107559.15411089032
141.29056756062445 107559.46211478795
141.38256857516072 107559.76228314117
141.47456958966598 107560.05463101684
141.56657060414005 107560.33923434638
141.65857161858261 107560.61622349487
141.75057263299348 107560.88577470699
141.84257364737240 107561.14810248077
141.93457466171921 107561.40345401659
142.02657567603356 107561.65210466919
142.11857669031528 107561.89435326835
142.21057770456409 107562.13051797355
142.30257871877976 107562.36093373207
142.39457973296206 107562.58594991117
142.48658074711071 107562.80592500843
142.57858176122545 107563.02121775552
142.67058277530606 107563.23217816022
142.76258378935228 107563.4391430001
142.85458480336382 107563.64243638855
142.94658581734043 107563.84237139052
143.03858683128183 107564.03924870251
143.13058784518782 107564.23335252292
143.22258885905802 107564.42494638884
143.31458987289224 107564.6142713595
143.40659088669014 107564.80154764588
143.49859190045149 107564.98697849474
143.59059291417600 107565.17075318002
143.68259392786337 107565.3530474576
143.77459494151333 107565.53402239773
143.86659595512558 107565.71382243712
143.95859696869982 107565.892573123
144.05059798223576 107566.07038085234
144.14259899573310 107566.24733639299
144.23460000919150 107566.42351955203
144.32660102261070 107566.5990012183
144.41860203599040 107566.77384271327
144.51060304933029 107566.94809423637
144.60260406263001 107567.12179375664
144.69460507588926 107567.29496801455
144.78660608910772 107567.46763656574
144.87860710228503 107567.63981661503
144.97060811542096 107567.81152483559
145.06260912851508 107567.98277536285
145.15461014156708 107568.15357712469
145.24661115457667 107568.32393362459
145.33861216754343 107568.49384486451
145.43061318046705 107568.66330900474
145.52261419334721 107568.8323227999
145.61461520618349 107569.00088212108
145.70661621897560 107569.1689835516
145.79861723172311 107569.33662549482
145.89061824442572 107569.50380621474
145.98261925708300 107569.67051962882
146.07462026969463 107569.83675354693
146.16662128226017 107570.00249311054
146.25862229477934 107570.1677263175
146.35062330725165 107570.33244651441
146.44262431967675 107570.49665043043
146.53462533205428 107570.66033479123
146.62662634438379 107570.82349534157
146.71862735666491 107570.98612890103
146.81062836889720 107571.14823478968
146.90262938108026 107571.30981219
146.99463039321370 107571.47085588073
147.08663140529708 107571.63135605722
147.17863241732996 107571.79130318272
147.27063342931194 107571.95069289727
147.36263444124256 107572.10952651576
147.45463545312137 107572.26780774344
147.54663646494797 107572.42553970637
147.63863747672184 107572.58272492302
147.73063848844262 107572.73936643937
147.82263950010974 107572.89546658257
147.91464051172284 107573.05102382042
148.00664152328139 107573.20603241854
148.09864253478489 107573.36048637066
148.19064354623291 107573.51438326796
148.28264455762496 107573.66772447803
148.37464556896049 107573.82051252025
148.46664658023906 107573.97274934764
148.55864759146013 107574.12443808901
148.65064860262322 107574.27558538354
148.74264961372779 107574.42619919922
148.83465062477333 107574.57628362364
148.92665163575927 107574.72583743464
149.01865264668515 107574.87485755372
149.11065365755036 107575.02334180367
149.20265466835440 107575.17128926126
149.29465567909668 107575.31870094955
149.38665668977663 107575.46558025705
149.47865770039377 107575.61193142846
149.57065871094738 107575.75775839938
149.66265972143700 107575.90306582981
149.75466073186200 107576.04786005426
149.84666174222176 107576.19214754087
149.93866275251571 107576.33593210894
150.03066376274325 107576.47921391447
150.12266477290370 107576.62199133662
150.21466578299649 107576.76426399944
150.30666679302098 107576.90603412637
150.39866780297649 107577.04730525186
150.49066881286240 107577.18808001353
150.58266982267807 107577.32835949516
150.67467083242281 107577.46814484066
150.76667184209592 107577.60743955645
150.85867285169678 107577.74625023614
150.95067386122466 107577.8845848499
151.04267487067887 107578.0224497702
151.13467588005867 107578.15984772601
151.22667688936338 107578.29677806563
151.31867789859226 107578.43323878018
151.41067890774457 107578.5692286278
151.50267991681957 107578.70474814893
151.59468092581650 107578.83979933574
151.68668193473459 107578.97438439255
151.77868294357310 107579.10850472529
151.87068395233118 107579.24216156699
151.96268496100808 107579.37535792927
152.05468596960296 107579.50809967432
152.14668697811507 107579.64039482168
152.23868798654351 107579.7722522157
152.33068899488745 107579.9036796548
152.42269000314610 107580.03468089293
152.51469101131849 107580.16525369295
152.60669201940385 107580.29539202701
152.69869302740125 107580.4250910214
152.79069403530983 107580.55434982147
152.88269504312862 107580.68317061897
152.97469605085672 107580.81155680543
153.06669705849325 107580.93951316606
153.15869806603720 107581.06704708192
153.25069907348760 107581.19416770835
153.34270008084354 107581.32088273556
153.43470108810399 107581.44719520024
153.52670209526798 107581.57310239004
153.61870310233445 107581.69859758469
153.71070410930241 107581.82367436904
153.80270511617081 107581.94833121178
153.89470612293860 107582.07257283536
153.98670712960467 107582.19640734485
154.07870813616796 107582.31984200321
154.17070914262737 107582.4428811953
154.26271014898180 107582.56552700099
154.35471115523006 107582.68778049048
154.44671216137104 107582.80964267897
154.53871316740359 107582.93111519859
154.63071417332648 107583.05220060727
154.72271517913853 107583.17290243071
154.81471618483852 107583.2932253346
154.90671719042524 107583.41317488297
154.99871819589737 107583.53275587557
155.09071920125365 107583.65196997489
155.18272020649286 107583.77081458764
155.27472121161364 107583.88928372708
155.36672221661462 107584.00737041168
155.45872322149449 107584.12507011948
155.55072422625190 107584.24238414023
155.64272523088539 107584.35932076389
155.73472623539362 107584.4758928024
155.82672723977512 107584.5921124082
155.91872824402844 107584.70798703343
156.01072924815210 107584.82351961956
156.10273025214457 107584.9387114411
156.19473125600436 107585.0535637541
156.28673225972989 107585.16807720173
156.37873326331965 107585.28225114793
156.47073426677196 107585.39608457116
156.56273527008526 107585.50957714832
156.65473627325787 107585.62272860254
156.74673727628814 107585.73553783007
156.83873827917432 107585.8480047114
156.93073928191473 107585.96013283497
157.02274028450762 107586.07192828988
157.11474128695113 107586.18339528919
157.20674228924355 107586.29453504791
157.29874329138298 107586.40534905948
157.39074429336756 107586.51584007213
157.48274529519537 107586.62600837968
157.57474629686450 107586.73585031269
157.66674729837300 107586.84536320822
157.75874829971883 107586.95455012705
157.85074930089996 107587.06341723396
157.94275030191437 107587.17196867624
158.03475130275993 107587.28020717062
158.12675230343450 107587.3881383157
158.21875330393593 107587.49577093148
158.31075430426199 107587.60311194952
158.40275530441042 107587.71016155447
158.49475630437897 107587.81691364346
158.58675730416533 107587.92336087699
158.67875830376710 107588.0294996954
158.77075930318190 107588.13533206658
158.86276030240725 107588.24086440571
158.95476130144070 107588.34610530811
159.04676230027968 107588.45106272827
159.13876329892165 107588.55574140143
159.23076429736398 107588.66014216341
159.32276529560400 107588.76426356472
159.41476629363896 107588.86810398557
159.50676729146613 107588.97166266179
159.59876828908270 107589.0749398836
159.69076928648576 107589.17793715185
159.78277028367242 107589.2806574352
159.87477128063972 107589.383105295
159.96677227738459 107589.48528627044
160.05877327390402 107589.58720524538
160.15077427019483 107589.68886499545
160.24277526625377 107589.79026618873
160.33477626207767 107589.89140841206
160.42677725766316 107589.99229143138
160.51877825300687 107590.09291678607
160.61077924810536 107590.19328918199
160.70278024295513 107590.2934159144
160.79478123755254 107590.39330357719
160.88678223189402 107590.49295411064
160.97878322597580 107590.59236370603
161.07078421979412 107590.6915262353
161.16278521334507 107590.79043887834
161.25478620662477 107590.88910517072
161.34678719962915 107590.98753295149
161.43878819235417 107591.08572956454
161.53078918479559 107591.18369853764
161.62279017694917 107591.28143949773
161.71479116881056 107591.37894987717
161.80679216037532 107591.47622689053
161.89879315163893 107591.57326972253
161.99079414259677 107591.67008101712
162.08279513324413 107591.76666635816
162.17479612357619 107591.863032762
162.26679711358804 107591.95918788292
162.35879810327467 107592.05513929739
162.45079909263097 107592.15089266989
162.54280008165168 107592.24644967842
162.63480107033146 107592.34180724282
162.72680205866490 107592.43695850633
162.81880304664642 107592.53189549093
162.91080403427031 107592.62661296623
163.00280502153078 107592.72111180851
163.09480600842190 107592.81539940026
163.18680699493757 107592.90948634755
163.27880798107162 107593.00338195117
163.37080896681766 107593.09709185589
163.46280995216929 107593.19061873958
163.55481093711978 107593.28396412394
163.64681192166250 107593.3771296851
163.73881290579041 107593.47011804792
163.83081388949643 107593.56293286583
163.92281487277336 107593.65557758162
164.01481585561379 107593.74805374477
164.10681683801008 107593.84036097807
164.19881781995451 107593.93249949253
164.29081880143914 107594.02447316571
164.38281978245581 107594.11628967198
164.47482076299625 107594.20795673426
164.56682174305189 107594.29947791474
164.65882272261399 107594.39085192255
164.75082370167368 107594.48207553604
164.84282468022175 107594.5731468828
164.93482565824880 107594.66406627173
165.02682663574529 107594.75483490103
165.11882761270138 107594.84545365682
165.21082858910691 107594.93592311176
165.30282956495162 107595.02624448418
165.39483054022480 107595.11642069768
165.48683151491568 107595.20645643845
165.57883248901302 107595.29635740623
165.67083346250550 107595.38612962527
165.76283443538128 107595.47577857655
165.85483540762837 107595.56530828132
165.94683637923441 107595.65472048023
166.03883735018675 107595.7440129585
166.13083832047235 107595.83317900509
166.22283929007784 107595.92221210412
166.31484025898951 107596.01111370377
166.40684122719330 107596.09989587533
166.49884219467467 107596.18857538905
166.59084316141880 107596.27716493489
166.68284412741033 107596.3656690845
166.77484509263368 107596.45408684511
166.86684605707262 107596.5424171565
166.95884702071055 107596.63066281387
167.05084798353036 107596.71883071541
167.14284894551454 107596.80692917526
167.23484990664500 107596.8949645691
167.32685086690313 107596.98293924499
167.41885182626982 107597.07085123615
167.51085278472533 107597.15869529526
167.60285374224941 107597.2464646871
167.69485469882116 107597.33415350708
167.78685565441899 107597.42175926379
167.87885660902077 107597.50928488927
167.97085756260361 107597.59673903775
168.06285851514403 107597.6841342167
168.15485946661764 107597.77148370065
168.24686041699943 107597.85879902307
168.33886136626359 107597.94608895745
168.43086231438335 107598.03335926909
168.52286326133125 107598.12061245667
168.61486420707891 107598.20784822383
168.70686515159696 107598.29506559671
168.79886609485507 107598.38226539813
168.89086703682196 107598.46945076293
168.98286797746528 107598.55662568231
169.07486891675160 107598.64379386842
169.16686985464628 107598.73095942463
169.25887079111362 107598.81812841016
169.35087172611665 107598.90530924946
169.44287265961705 107598.99251081455
169.53487359157509 107599.07973913073
169.62687452194990 107599.16699519785
169.71887545069887 107599.25427561339
169.81087637777793 107599.34157547954
169.90287730314157 107599.42889192008
169.99487822674229 107599.51622632993
170.08687914853112 107599.60358432206
170.17888006845709 107599.69097458146
170.27088098646738 107599.7784080879
170.36288190250707 107599.86589693984
170.45488281651919 107599.95345211147
170.54688372844461 107600.04108156159
170.63888463822175 107600.12879021053
170.73088554578663 107600.216581327
170.82288645107269 107600.30445785091
170.91488735401080 107600.39242344111
171.00688825452875 107600.48048408257
171.09888915255161 107600.56864972343
171.19089004800117 107600.6569340121
171.28289094079594 107600.74535115741
171.37489183085100 107600.83391126669
171.46689271807770 107600.92261705828
171.55889360238353 107601.0114643545
171.65089448367195 107601.10044616902
171.74289536184216 107601.18955787501
171.83489623678867 107601.27880135716
171.92689710840131 107601.36818771045
172.01889797656480 107601.45773737726
172.11089884115844 107601.54747540844
172.20289970205587 107601.63742311054
172.29490055912473 107601.72759277401
172.38690141222614 107601.81799018552
172.47890226121459 107601.90862134493
172.57090310593719 107601.99949656187
172.66290394623360 107602.090629856
172.75490478193507 107602.18203633034
172.84690561286436 107602.27373037285
172.93890643883498 107602.36572560851
173.03090725965052 107602.45803569462
173.12290807510402 107602.55067447948
173.21490888497752 107602.64365547606
173.30690968904082 107602.73699217697
173.39891048705098 107602.83069971502
173.49091127875141 107602.92479624944
173.58291206387068 107603.019302388
173.67491284212164 107603.11423903806
173.76691361320013 107603.20962520361
173.85891437678387 107603.30547724428
173.95091513253095 107603.4018103943
174.04291588007820 107603.4986410897
174.13491661903973 107603.59598734853
174.22691734900528 107603.69386796583
174.31891806953763 107603.7923037777
174.41091878017107 107603.89132045206
174.50291948040854 107603.99094878793
174.59492016971936 107604.09122146906
174.68692084753576 107604.19216919348
174.77892151325031 107604.29381937518
174.87092216621173 107604.39619793686
174.96292280572135 107604.49933287695
175.05492343102844 107604.6032586609
175.14692404132524 107604.70802020242
175.23892463574182 107604.81367325317
175.33092521333938 107604.92027956822
175.42292577310391 107605.02790000883
175.51492631393802 107605.13659046972
175.60692683465260 107605.24640204704
175.69892733395662 107605.3573836074
175.79092781044633 107605.4695850413
175.88292826259246 107605.5830606049
175.97492868872584 107605.69787168983
176.06692908702146 107605.81408865438
176.15892945547910 107605.93179244337
176.25092979190254 107606.05107648313
176.34293009387449 107606.17204787307
176.43493035872808 107606.29482637066
176.52693058351417 107606.41954129006
176.61893076496241 107606.54632847053
176.71093089943685 107606.67533055747
176.80293098288305 107606.8067013727
176.89493101076613 107606.94061063886
176.98693097799745 107607.07724522315
177.07893087884761 107607.216809768
177.17093070684217 107607.35953033077
177.26293045463632 107607.50565859444
177.35493011386390 107607.65547380148
177.44692967495311 107607.80928506024
177.53892912690176 107607.96743531091
177.63092845699913 107608.13030667359
177.72292765048124 107608.29832731688
177.81492669009910 107608.47197662591
177.90692555557231 107608.65178229347
177.99892422289338 107608.83831432168
178.09092266343040 107609.03218892636
178.18292084275618 107609.23408322937
178.27491871910607 107609.44474294224
178.36691624131200 107609.66496778118
178.45891334599949 107609.8955724173
178.55090995371782 107610.13732893307
178.64290596349878 107610.39089132343
178.73490124504676 107610.65668966062
178.82689562725912 107610.93476988588
178.91888888090489 107611.22456975955
179.01088069166119 107611.52465415461
179.10287061662206 107611.8324866714
179.19485801111665 107612.14442355721
179.28684189918923 107612.45632897053
179.37882072975836 107612.76549132206
179.47079188070467 107613.07462999597
179.56275054452237 107613.39792292852
179.65468686430640 107613.76582420623
179.74657700942063 107614.22011372086
179.83834542557625 107614.79006187354
179.92957508130843 107615.45789683412
