8.1602814868713611E-002 19081.38245767102
0.18731251032347712 35466.7636987695
0.29364647866087329 48159.08768858795
0.40012149687019832 57264.649368604165
0.50665001862686565 63490.80225596069
0.61320443087981424 67655.36097606365
0.71977331222693675 70436.9261071122
0.82635109211293500 72319.0583326118
0.93293473223262124 73620.70815225811
1.0395224353170640 74544.83099650095
1.1461130705046729 75219.18777957244
1.2527058908029178 75724.58646793733
1.3593003830067230 76112.86736024955
1.4658961829045687 76417.94124846248
1.5724930248807041 76662.48653690853
1.6790907106758404 76862.02069199577
1.7856890893135182 77027.40376046905
1.8922880437993241 77166.40110650007
1.9988874820725400 77284.6780558199
2.1054873306996398 77386.44475764454
2.2120875303912393 77474.88322201172
2.3186880327536650 77552.43533747383
2.4252887978956066 77621.00152349845
2.5318897926404529 77682.07995634672
2.6384909891701112 77736.86580679285
2.7450923639855582 77786.32248438308
2.8516938970999597 77831.23367346519
2.9582955714059471 77872.24205108006
3.0648973721753681 77909.87890899793
3.1714992866596434 77944.58693024113
3.2781013037678388 77976.73771075413
3.3847034138058549 78006.64517408356
3.4913056082632483 78034.5760299662
3.5979078796378148 78060.75803720155
3.7045102212907182 78085.38657924646
3.8111126273256999 78108.62990847618
3.9177150924881685 78130.63344860656
4.0243176120801936 78151.52342628478
4.1309201818885466 78171.40992650912
4.2375227981240036 78190.3894192354
4.3441254573691213 78208.54681731942
4.4507281565339181 78225.95717535865
4.5573308928173981 78242.68707129608
4.6639336636746656 78258.7957181327
4.7705364667881618 78274.33583947369
4.8771393000430461 78289.35442810407
4.9837421615052451 78303.89344854114
5.0903450494029743 78317.99049305884
5.1969479621093653 78331.67932593572
5.3035508981287549 78344.99034534885
5.4101538560830864 78357.95099109174
5.5167568347009119 78370.58610292191
5.6233598328071821 78382.91819182785
5.7299628493142016 78394.96768367241
5.8365658832138738 78406.75317343583
5.9431689335702611 78418.29166098067
6.0497719995135188 78429.5987081625
6.1563750802339525 78440.68854911496
6.2629781749771398 78451.57418616013
6.3695812830389364 78462.26747392582
6.4761844037616960 78472.77919793481
6.5827875365303816 78483.11919827896
6.6893906807691019 78493.29653136015
6.7959938359381455 78503.31960119623
6.9025970015310794 78513.1962255112
7.0092001770723389 78522.93366982882
7.1158033621147645 78532.53868328159
7.2224065562377460 78542.01754402455
7.3290097590450030 78551.37610711987
7.4356129701629881 78560.61983739995
7.5422161892394044 78569.75382395116
7.6488194159414471 78578.78278865866
7.7554226499546912 78587.71109938667
7.8620258909816778 78596.5427820602
7.9686291387410186 78605.2815406474
8.0752323929660434 78613.93079686323
8.1818356534039953 78622.49374495052
8.2884389198151833 78630.97339417774
8.3950421919720775 78639.37258536274
8.5016454696584827 78647.69398710119
8.6082487526690024 78655.94009650976
8.7148520408082621 78664.11325406165
8.8214553338903183 78672.21566093745
8.9280586317380841 78680.24938698797
9.0346619341828980 78688.21638081766
9.1412652410639179 78696.11848462018
9.2478685522277342 78703.95744409434
9.3544718675278791 78711.73491151366
9.4610751868245906 78719.45244986132
9.5676785099842210 78727.1115336929
9.6742818368791035 78734.71354336411
9.7808851673871064 78742.25975994636
9.8874885013913048 78749.75137140298
9.9940918387798661 78757.18949452076
10.100695179445616 78764.57520288779
10.207298523285839 78771.90954060963
10.313901870202134 78779.19351522168
10.420505220100090 78786.42807900492
10.527108572889103 78793.61410638176
10.633711928482215 78800.75238186009
10.740315286795910 78807.8436160884
10.846918647750019 78814.88848386376
10.953522011267387 78821.88765461463
11.060125377273897 78828.84179963826
11.166728745698297 78835.75158558151
11.273332116471929 78842.61767192757
11.379935489528835 78849.4407121753
11.486538864805343 78856.22134529936
11.593142242240296 78862.96017810996
11.699745621774666 78869.65777113751
11.806349003351569 78876.31462349049
11.912952386916160 78882.93115535755
12.019555772415540 78889.5077091705
12.126159159798691 78896.04458205128
12.232762549016327 78902.54207373432
12.339365940020947 78909.00052526659
12.445969332766561 78915.42032875566
12.552572727208855 78921.80190894291
12.659176123304924 78928.14569640474
12.765779521013362 78934.45210324024
12.872382920294072 78940.72150379933
12.978986321108311 78946.95423225328
13.085589723418598 78953.15059812709
13.192193127188665 78959.3109023371
13.298796532383388 78965.43544060738
13.405399938968774 78971.52449127269
13.512003346911897 78977.57829691378
13.618606756180849 78983.59705954339
13.725210166744768 78989.58095679931
13.831813578573660 78995.5301692455
13.938416991638530 79001.44490412348
14.045020405911227 79007.32539941667
14.151623821364407 79013.17190669925
14.258227237971605 79018.98466901516
14.364830655707118 79024.76390668901
14.471434074546018 79030.50981581722
14.578037494464093 79036.22257854346
14.684640915437782 79041.9023751238
14.791244337444327 79047.54939344877
14.897847760461483 79053.16383602578
15.004451184467726 79058.74591950525
15.111054609442125 79064.29586573664
15.217658035364320 79069.8138847987
15.324261462214499 79075.30015358509
15.430864889973442 79080.7548053937
15.537468318622448 79086.17793853271
15.644071748143269 79091.56963910404
15.750675178518243 79096.9300105211
15.857278609730118 79102.25919279917
15.963882041762105 79107.55735870037
16.070485474597870 79112.82469427848
16.177088908221549 79118.06137732376
16.283692342617641 79123.26756642942
16.390295777771048 79128.44340574768
16.496899213667092 79133.58903508166
16.603502650291485 79138.70459645528
16.710106087630251 79143.79023307616
16.816709525669779 79148.84608107075
16.923312964396871 79153.87226594523
17.029916403798566 79158.868908313
17.136519843862256 79163.83613100194
17.243123284575692 79168.77406353384
17.349726725926860 79173.68284089734
17.456330167904088 79178.56259819306
17.562933610495932 79183.41346655057
17.669537053691315 79188.2355701829
17.776140497479318 79193.02902603742
17.882743941849345 79197.79394563826
17.989347386791067 79202.53043779818
18.095950832294342 79207.23861815632
18.202554278349297 79211.91862006922
18.309157724946317 79216.57059395476
18.415761172075936 79221.19469506282
18.522364619728982 79225.79106731103
18.628968067896462 79230.35983530572
18.735571516569550 79234.90110944047
18.842174965739691 79239.41499570356
18.948778415398479 79243.90160419111
19.055381865537697 79248.36105181901
19.161985316149305 79252.79346093874
19.268588767225481 79257.19896105649
19.375192218758535 79261.57768780814
19.481795670740965 79265.92977631238
19.588399123165402 79270.25535615307
19.695002576024692 79274.55454947973
19.801606029311781 79278.8274710672
19.908209483019796 79283.07422694634
20.014812937141993 79287.29491261
20.121416391671797 79291.4896176585
20.228019846602741 79295.65843463995
20.334623301928509 79299.8014671527
20.441226757642902 79303.91883222613
20.547830213739907 79308.01065507652
20.654433670213532 79312.07706425017
20.761037127058021 79316.11818854911
20.867640584267644 79320.13415491235
20.974244041836833 79324.1250908715
21.080847499760122 79328.09112772135
21.187450958032159 79332.03240016503
21.294054416647707 79335.94903905335
21.400657875601620 79339.84116022395
21.507261334888842 79343.70886199239
21.613864794504448 79347.55223277475
21.720468254443585 79351.37136310323
21.827071714701514 79355.16635517022
21.933675175273578 79358.93732433251
22.040278636155190 79362.68439812434
22.146882097341891 79366.40771413414
22.253485558829276 79370.10741311786
22.360089020613042 79373.78362796389
22.466692482688963 79377.43647270124
22.573295945052870 79381.06604320096
22.679899407700724 79384.67243091778
22.786502870628503 79388.2557389179
22.893106333832314 79391.8160902863
22.999709797308288 79395.35362122636
23.106313261052652 79398.86846671572
23.212916725061714 79402.36075191398
23.319520189331815 79405.83059284362
23.426123653859381 79409.27810124661
23.532727118640938 79412.70338177627
23.639330583672997 79416.10652436422
23.745934048952194 79419.48760653395
23.852537514475209 79422.84671197516
23.959140980238779 79426.18395539225
24.065744446239702 79429.49948851108
24.172347912474802 79432.7934784979
24.278951378941027 79436.066074492
24.385554845635287 79439.31738523381
24.492158312554633 79442.54748482241
24.598761779696119 79445.75643734056
24.705365247056864 79448.94431953962
24.811968714634016 79452.11122980915
24.918572182424807 79455.25728418856
25.025175650426487 79458.38261045184
25.131779118636356 79461.48734387137
25.238382587051799 79464.57162462694
25.344986055670166 79467.63559499758
25.451589524488945 79470.67939092607
25.558192993505582 79473.70313003646
25.664796462717618 79476.70690199659
25.771399932122609 79479.69077230821
25.878003401718178 79482.65480305518
25.984606871501949 79485.59907634453
26.091210341471623 79488.523704478
26.197813811624918 79491.4288205355
26.304417281959591 79494.31456201382
26.411020752473426 79497.18106091034
26.517624223164265 79500.02844067737
26.624227694029969 79502.85681839749
26.730831165068437 79505.6663074851
26.837434636277596 79508.45701848666
26.944038107655413 79511.22905554101
27.050641579199901 79513.9825116677
27.157245050909061 79516.71747443725
27.263848522780957 79519.43403875834
27.370451994813681 79522.13231356928
27.477055467005364 79524.81241680353
27.583658939354152 79527.47446728121
27.690262411858193 79530.11858136469
27.796865884515721 79532.74486841349
27.903469357324965 79535.35342478125
28.010072830284166 79537.94433327895
28.116676303391625 79540.51767363375
28.223279776645640 79543.07353882042
28.329883250044553 79545.6120429345
28.436486723586714 79548.13331680975
28.543090197270530 79550.63749511143
28.649693671094397 79553.12470248483
28.756297145056752 79555.59504461908
28.862900619156051 79558.04860732706
28.969504093390757 79560.48546719411
29.076107567759390 79562.90570634525
29.182711042260475 79565.30942142906
29.289314516892546 79567.69672241637
29.395917991654162 79570.06772449009
29.502521466543911 79572.42253928346
29.609124941560410 79574.76126691671
29.715728416702287 79577.08399400045
29.822331891968179 79579.3907986864
29.928935367356754 79581.68175925969
30.035538842866675 79583.95696310225
30.142142318496678 79586.21651252634
30.248745794245476 79588.4605261168
30.355349270111802 79590.68913109927
30.461952746094401 79592.9024489378
30.568556222192065 79595.10058253855
30.675159698403576 79597.28361337837
30.781763174727732 79599.45161182423
30.888366651163377 79601.60465132915
30.994970127709355 79603.74281747056
31.101573604364482 79605.86620808484
31.208177081127673 79607.97492840613
31.314780557997786 79610.06908518495
31.421384034973737 79612.14877897032
31.527987512054448 79614.21409836774
31.634590989238824 79616.26512018184
31.741194466525833 79618.30191893633
31.847797943914440 79620.32458033293
31.954401421403599 79622.33320769168
32.061004898992309 79624.32791733103
32.167608376679567 79626.30882472523
32.274211854464376 79628.27602973374
32.380815332345776 79630.22960855332
32.487418810322815 79632.16961963788
32.594022288394513 79634.09612040831
32.700625766559959 79636.00918077189
32.807229244818224 79637.90888623669
32.913832723168404 79639.79533200036
33.020436201609591 79641.66861604477
33.127039680140882 79643.5288362027
33.233643158761431 79645.37609178596
33.340246637470344 79647.21048202972
33.446850116266788 79649.03209473734
33.553453595149882 79650.84099725109
33.660057074118832 79652.63724151724
33.766660553172805 79654.4208805265
33.873264032310971 79656.19198382537
33.979867511532554 79657.95064291646
34.086470990836730 79659.69696129735
34.193074470222747 79661.43103462011
34.299677949689823 79663.15294127575
34.406281429237175 79664.86275015415
34.512884908864059 79666.5605332995
34.619488388569749 79668.24636886547
34.726091868353485 79669.92033510788
34.832695348214557 79671.58250550645
34.939298828152239 79673.23294893769
35.045902308165815 79674.87173347993
35.152505788254601 79676.49892840661
35.259109268417873 79678.1146053074
35.365712748654992 79679.7188400554
35.472316228965241 79681.31171229911
35.578919709347979 79682.89329948959
35.685523189802531 79684.46367052513
35.792126670328265 79686.0228893295
35.898730150924507 79687.57102357018
36.005333631590645 79689.10814549297
36.111937112326032 79690.63432264337
36.218540593130058 79692.14961342698
36.325144074002118 79693.6540758514
36.431747554941573 79695.14777521718
36.538351035947855 79696.63077963612
36.644954517020338 79698.10315194834
36.751557998158475 79699.56495346907
36.858161479361648 79701.01625435388
36.964764960629303 79702.45713322933
37.071368441960878 79703.88766392332
37.177971923355791 79705.30790476063
37.284575404813516 79706.71790310452
37.391178886333492 79708.11770735159
37.497782367915164 79709.50737349463
37.604385849558028 79710.88696272405
37.710989331261523 79712.25653681328
37.817592813025129 79713.61615698511
37.924196294848365 79714.96588554142
38.030799776730674 79716.30578844485
38.137403258671569 79717.63593519382
38.244006740670550 79718.95639568975
38.350610222727120 79720.2672360029
38.457213704840797 79721.56851565898
38.563817187011090 79722.86028727128
38.670420669237522 79724.14259851287
38.777024151519605 79725.41549726376
38.883627633856882 79726.67903692344
38.990231116248900 79727.93327804112
39.096834598695189 79729.17828267247
39.203438081195294 79730.41410472234
39.310041563748769 79731.64078624547
39.416645046355171 79732.85836713966
39.523248529014069 79734.06690271388
39.629852011725006 79735.26647078153
39.736455494487572 79736.45715909179
39.843058977301339 79737.63904276307
39.949662460165889 79738.8121707912
40.056265943080788 79739.97656991561
40.162869426045653 79741.13226092252
40.269472909060042 79742.27927711814
40.376076392123579 79743.41767347537
40.482679875235853 79744.54752240735
40.589283358396472 79745.6689006913
40.695886841605052 79746.78187853642
40.802490324861189 79747.88651586385
40.909093808164513 79748.98286359591
41.015697291514634 79750.0709668236
41.122300774911196 79751.15086888245
41.228904258353808 79752.22261555771
41.335507741842122 79753.28625557832
41.442111225375754 79754.34183878067
41.548714708954357 79755.38941551314
41.655318192577560 79756.42903801467
41.761921676245038 79757.46076048708
41.868525159956420 79758.48463686263
41.975128643711365 79759.50071839626
42.081732127509532 79760.5090525121
42.188335611350574 79761.5096865386
42.294939095234170 79762.50267400961
42.401542579159980 79763.4880745457
42.508146063127690 79764.46594385307
42.614749547136945 79765.43632706536
42.721353031187441 79766.39926521639
42.827956515278856 79767.35480378079
42.934559999410872 79768.30299082588
43.041163483583183 79769.24387032392
43.147766967795462 79770.17748516114
43.254370452047432 79771.10388748017
43.360973936338766 79772.0231413829
43.467577420669159 79772.93531069612
43.574180905038325 79773.84044388981
43.680784389445968 79774.73857309637
43.787387873891795 79775.62972742568
43.893991358375509 79776.51394595816
44.000594842896838 79777.39127910984
44.107198327455492 79778.26178297051
44.213801812051173 79779.1255142607
44.320405296683617 79779.982527941
44.427008781352548 79780.83287514847
44.533612266057695 79781.67660046958
44.640215750798781 79782.51374050466
44.746819235575543 79783.3443256023
44.853422720387705 79784.16838534766
44.960026205235010 79784.9859545913
45.066629690117203 79785.7970769035
45.173233175034021 79786.6018038447
45.279836659985193 79787.4001931569
45.386440144970493 79788.19230745397
45.493043629989650 79788.97820830366
45.599647115042416 79789.757944862
45.706250600128548 79790.53154722552
45.812854085247807 79791.29903449817
45.919457570399942 79792.06043025707
46.026061055584719 79792.81577000873
46.132664540801890 79793.56509668147
46.239268026051228 79794.30845581084
46.345871511332504 79795.04589832916
46.452474996645464 79795.7774827865
46.559078481989907 79796.50326783869
46.665681967365579 79797.22329972986
46.772285452772280 79797.93760793142
46.878888938209769 79798.6462119841
46.985492423677833 79799.34913236545
47.092095909176251 79800.04639772233
47.198699394704789 79800.73804623341
47.305302880263262 79801.42412287532
47.411906365851429 79802.10467546986
47.518509851469091 79802.77975239341
47.625113337116041 79803.44940095762
47.731716822792066 79804.11366508582
47.838320308496954 79804.77258308801
47.944923794230505 79805.42618802858
48.051527279992513 79806.07451045312
48.158130765782794 79806.71758185941
48.264734251601119 79807.35543812423
48.371337737447305 79807.98811985148
48.477941223321174 79808.61566781533
48.584544709222506 79809.23811720223
48.691148195151108 79809.85549736912
48.797751681106817 79810.4678365659
48.904355167089406 79811.07516627741
49.010958653098726 79811.67752247845
49.117562139134556 79812.27494469607
49.224165625196733 79812.86747377146
49.330769111285065 79813.45514752896
49.437372597399360 79814.03799686473
49.543976083539469 79814.6160472422
49.650579569705187 79815.18932723757
49.757183055896341 79815.75787623957
49.863786542112770 79816.32174221282
49.970390028354281 79816.88097007133
50.076993514620710 79817.43559042705
50.183597000911881 79817.98561907768
50.290200487227636 79818.53106874201
50.396803973567785 79819.07196421098
50.503407459932191 79819.60834712397
50.610010946320664 79820.14026606675
50.716614432733039 79820.66776231525
50.823217919169174 79821.19086507
50.929821405628886 79821.70959861229
51.036424892112031 79822.22399296747
51.143028378618432 79822.73408809409
51.249631865147947 79823.23992659003
51.356235351700413 79823.7415415882
51.462838838275658 79824.23895173756
51.569442324873563 79824.73216809057
51.676045811493957 79825.22120640322
51.782649298136683 79825.70609540217
51.889252784801592 79826.18687547372
51.995856271488542 79826.66358894584
52.102459758197377 79827.13627061025
52.209063244927954 79827.60494601504
52.315666731680125 79828.06963658845
52.422270218453754 79828.53036535949
52.528873705248685 79828.98716144287
52.635477192064783 79829.44006295726
52.742080678901907 79829.88911450245
52.848684165759913 79830.33435683377
52.955287652638660 79830.775815352
53.061891139538012 79831.2134996364
53.168494626457836 79831.64741678732
53.275098113397988 79832.077586421
53.381701600358348 79832.5040426639
53.488305087338766 79832.9268242769
53.594908574339115 79833.34596602136
53.701512061359260 79833.76149824914
53.808115548399073 79834.17344946002
53.914719035458432 79834.58184549236
54.021322522537190 79834.98670706549
54.127926009635239 79835.38805070717
54.234529496752444 79835.78589490095
54.341132983888670 79836.18026682848
54.447736471043797 79836.57120374005
54.554339958217703 79836.95874742066
54.660943445410254 79837.34293573048
54.767546932621357 79837.7237968189
54.874150419850864 79838.10134884066
54.980753907098666 79838.47560401738
55.087357394364624 79838.84657318289
55.193960881648643 79839.21426900852
55.300564368950603 79839.5787084255
55.407167856270362 79839.93991512095
55.513771343607836 79840.29792110733
55.620374830962895 79840.65276566277
55.726978318335419 79841.00449106317
55.833581805725302 79841.35313586217
55.940185293132423 79841.6987287715
56.046788780556682 79842.04128710351
56.153392267997951 79842.3808218548
56.259995755456131 79842.71734552216
56.366599242931123 79843.05087596364
56.473202730422791 79843.38143421397
56.579806217931058 79843.70904086798
56.686409705455780 79844.03371573909
56.793013192996874 79844.35548014437
56.899616680554246 79844.67435868653
57.006220168127761 79844.99037851705
57.112823655717328 79845.30356711712
57.219427143322847 79845.6139503979
57.326030630944210 79845.92155241291
57.432634118581319 79846.22639644601
57.539237606234060 79846.52850550879
57.645841093902348 79846.82790085858
57.752444581586083 79847.12460045792
57.859048069285144 79847.41862142218
57.965651556999447 79847.70998536663
58.072255044728905 79847.99872011997
58.178858532473399 79848.28485431317
58.285462020232842 79848.56840987786
58.392065508007128 79848.84939945905
58.498668995796187 79849.12783085808
58.605272483599904 79849.403715922
58.711875971418188 79849.67707759111
58.818479459250945 79849.94794825831
58.925082947098083 79850.21635928053
59.031686434959511 79850.48233200531
59.138289922835128 79850.74587967359
59.244893410724849 79851.00701677131
59.351496898628589 79851.26576416906
59.458100386546256 79851.52214469587
59.564703874477750 79851.77617563281
59.671307362422993 79852.02786697363
59.777910850381893 79852.27722762582
59.884514338354371 79852.52427402453
59.991117826340314 79852.76903364182
60.097721314339665 79853.01154030932
60.204324802352325 79853.2518255748
60.310928290378214 79853.48991264579
60.417531778417228 79853.72581583004
60.524135266469301 79853.95954416462
60.630738754534363 79854.19110603229
60.737342242612293 79854.42051294852
60.843945730703034 79854.64778174483
60.950549218806493 79854.87293443605
61.057152706922608 79855.09599535268
61.163756195051263 79855.3169872241
61.270359683192410 79855.5359287611
61.376963171345949 79855.7528342398
61.483566659511816 79855.96771438517
61.590170147689904 79856.18057822977
61.696773635880170 79856.39143632977
61.803377124082516 79856.6003045046
61.909980612296856 79856.80720516115
62.016584100523126 79857.01216362485
62.123187588761255 79857.21520196348
62.229791077011150 79857.41633634413
62.336394565272741 79857.61557994699
62.442998053545956 79857.8129473415
62.549601541830725 79858.00845566069
62.656205030126969 79858.20212284575
62.762808518434596 79858.39396573957
62.869412006753564 79858.58399964852
62.976015495083772 79858.77223931637
63.082618983425171 79858.95870023333
63.189222471777661 79859.14339863758
63.295825960141187 79859.32634951845
63.402429448515690 79859.50756499878
63.509032936901079 79859.68705570295
63.615636425297289 79859.8648341961
63.722239913704243 79860.04091684581
63.828843402121883 79860.21532247221
63.935446890550132 79860.38806944009
64.042050378988932 79860.55917366712
64.148653867438199 79860.72864878675
64.255257355897868 79860.89650754872
64.361860844367882 79861.06276286916
64.468464332848171 79861.22742757453
64.575067821338649 79861.39051332988
64.681671309839274 79861.55203028437
64.788274798349960 79861.71198867892
64.894878286870650 79861.87040197712
65.001481775401288 79862.02728890731
65.108085263941788 79862.18267175711
65.214688752492108 79862.3365713626
65.321292241052149 79862.4890025827
65.427895729621895 79862.63997341832
65.534499218201233 79862.78948815743
65.641102706790150 79862.93755259953
65.747706195388531 79863.08417823908
65.854309683996348 79863.2293825812
65.960913172613530 79863.37318505427
66.067516661240006 79863.51560208504
66.174120149875719 79863.65664591554
66.280723638520627 79863.79632786184
66.387327127174643 79863.93466196256
66.493930615837698 79864.0716648864
66.600534104509777 79864.2073522337
66.707137593190780 79864.34173466905
66.813741081880664 79864.47481693001
66.920344570579346 79864.60660045428
67.026948059286809 79864.73708837232
67.133551548002956 79864.86628981079
67.240155036727742 79864.99422099766
67.346758525461112 79865.12090318829
67.453362014202995 79865.2463587526
67.559965502953361 79865.37060681403
67.666568991712126 79865.49366024593
67.773172480479246 79865.61552582534
67.879775969254652 79865.73620748226
67.986379458038300 79865.8557105421
68.092982946830134 79865.97404432912
68.199586435630096 79866.09122196863
68.306189924438115 79866.20725807355
68.412793413254150 79866.32216603754
68.519396902078142 79866.4359564634
68.626000390910050 79866.54863708593
68.732603879749789 79866.66021441456
68.839207368597343 79866.7706967673
68.945810857452628 79866.88009640691
69.052414346315601 79866.9884283286
69.159017835186205 79867.09570664028
69.265621324064412 79867.20194196672
69.372224812950108 79867.30714179268
69.478828301843308 79867.41131298603
69.585431790743911 79867.51446435542
69.692035279651890 79867.6166075751
69.798638768567201 79867.71775621879
69.905242257489761 79867.81792391278
70.011845746419553 79867.91712248183
70.118449235356493 79868.01536025551
70.225052724300554 79868.112641515
70.331656213251676 79868.20896859023
70.438259702209791 79868.30434569558
70.544863191174898 79868.39878117328
70.651466680146882 79868.49228696406
70.758070169125745 79868.5848771509
70.864673658111414 79868.67656671286
70.971277147103848 79868.7673698022
71.077880636102989 79868.85729761988
71.184484125108796 79868.94635772171
71.291087614121210 79869.03455551167
71.397691103140204 79869.1218963544
71.504294592165706 79869.2083865193
71.610898081197675 79869.29403308367
71.717501570236067 79869.37884405705
71.824105059280839 79869.46282892257
71.930708548331936 79869.54599865351
72.037312037389299 79869.62836451372
72.143915526452901 79869.7099362512
72.250519015522684 79869.79072101819
72.357122504598607 79869.87072366888
72.463725993680626 79869.94994799574
72.570329482768685 79870.02839838361
72.676932971862740 79870.10608171052
72.783536460962750 79870.18300876439
72.890139950068658 79870.259193707
72.996743439180435 79870.33465087967
73.103346928298038 79870.40939090225
73.209950417421410 79870.4834190196
73.316553906550496 79870.55673675869
73.423157395685266 79870.62934574365
73.529760884825677 79870.70125069786
73.636364373971674 79870.77245951984
73.742967863123226 79870.84298156713
73.849571352280265 79870.91282607034
73.956174841442774 79870.98200116101
74.062778330610698 79871.05051395755
74.169381819783993 79871.11837213903
74.275985308962618 79871.18558550348
74.382588798146514 79871.25216509461
74.489192287335669 79871.31812007952
74.595795776530011 79871.38345575354
74.702399265729525 79871.44817486109
74.809002754934141 79871.5122804955
74.915606244143817 79871.5757778071
75.022209733358537 79871.63867383274
75.128813222578245 79871.70097632361
75.235416711802884 79871.76269241919
75.342020201032440 79871.82382793026
75.448623690266842 79871.88438779156
75.555227179506062 79871.94437731795
75.661830668750085 79872.0038030474
75.768434157998811 79872.06267225907
75.875037647252242 79872.12099172379
75.981641136510333 79872.17876726523
76.088244625773044 79872.23600464354
76.194848115040315 79872.29271023313
76.301451604312120 79872.34889052891
76.408055093588416 79872.40455165312
76.514658582869160 79872.45969973266
76.621262072154323 79872.51434130261
76.727865561443849 79872.56848285618
76.834469050737709 79872.6221300951
76.941072540035861 79872.67528789942
77.047676029338263 79872.7279609526
77.154279518644884 79872.78015395335
77.260883007955670 79872.83187099225
77.367486497270576 79872.88311519694
77.474089986589590 79872.9338896391
77.580693475912653 79872.98419893961
77.687296965239739 79873.03405027137
77.793900454570817 79873.083452984
77.900503943905804 79873.13241682401
78.007107433244713 79873.18094966636
78.113710922587472 79873.22905639673
78.220314411934041 79873.27673953016
78.326917901284418 79873.32400054169
78.433521390638532 79873.37084102568
78.540124879996355 79873.4172638204
78.646728369357845 79873.4632741205
78.753331858722973 79873.50887941557
78.859935348091696 79873.55408735682
78.966538837463972 79873.59890321137
79.073142326839772 79873.64332954881
79.179745816219068 79873.68736824463
79.286349305601789 79873.73102258191
79.392952794987934 79873.7742977188
79.499556284377434 79873.8171996739
79.606159773770273 79873.85973414665
79.712763263166408 79873.90190596171
79.819366752565813 79873.94371902227
79.925970241968443 79873.9851765833
80.032573731374256 79874.02628178254
80.139177220783225 79874.06703816129
80.245780710195291 79874.10744986898
80.352384199610441 79874.14752159825
80.458987689028646 79874.18725839659
80.565591178449850 79874.22666528096
80.672194667874024 79874.26574666923
80.778798157301125 79874.30450603733
80.885401646731125 79874.34294616056
80.992005136163996 79874.38106981025
81.098608625599695 79874.41888053728
81.205212115038179 79874.45638317411
81.311815604479420 79874.49358376696
81.418419093923376 79874.53048868132
81.525022583370031 79874.5671030086
81.631626072819330 79874.60342945393
81.738229562271229 79874.63946876237
81.844833051725715 79874.67522097066
81.951436541182744 79874.71068651145
82.058040030642275 79874.7458674505
82.164643520104292 79874.78076847733
82.271247009568739 79874.81539618266
82.377850499035588 79874.8497567299
82.484453988504825 79874.88385400215
82.591057477976378 79874.91768977954
82.697660967450233 79874.95126537485
82.804264456926347 79874.98458292831
82.910867946404707 79875.01764534334
83.017471435885255 79875.05045556276
83.124074925367978 79875.08301652719
83.230678414852804 79875.11533205099
83.337281904339747 79875.1474075235
83.443885393828737 79875.17924937136
83.550488883319773 79875.21086342825
83.657092372812784 79875.2422533699
83.763695862307728 79875.27342018927
83.870299351804618 79875.30436280908
83.976902841303414 79875.33507947686
84.083506330804042 79875.36556953088
84.190109820306503 79875.39583474924
84.296713309810755 79875.42587944234
84.403316799316741 79875.45570931918
84.509920288824460 79875.48533006628
84.616523778333871 79875.51474671271
84.723127267844930 79875.54396386415
84.829730757357609 79875.57298566695
84.936334246871866 79875.60181484964
85.042937736387699 79875.63045198582
85.149541225905040 79875.65889635765
85.256144715423872 79875.68714788037
85.362748204944140 79875.71520832615
85.469351694465857 79875.74308103182
85.575955183988938 79875.77076972878
85.682558673513370 79875.79827755406
85.789162163039123 79875.82560684464
85.895765652566183 79875.85275966144
86.002369142094480 79875.87973849656
86.108972631624013 79875.90654649983
86.215576121154726 79875.93318694593
86.322179610686590 79875.9596624117
86.428783100219590 79875.98597452808
86.535386589753656 79876.01212449686
86.641990079288803 79876.03811360382
86.748593568824958 79876.06394317873
86.855197058362123 79876.08961438628
86.961800547900225 79876.11512834075
87.068404037439265 79876.14048660654
87.175007526979201 79876.1656919244
87.281611016519975 79876.1907484951
87.388214506061601 79876.21566096076
87.494817995604009 79876.24043252217
87.601421485147185 79876.26506398621
87.708024974691099 79876.28955475855
87.814628464235696 79876.31390474907
87.921231953780961 79876.33811544691
88.027835443326865 79876.3621895688
88.134438932873366 79876.38613003468
88.241042422420421 79876.40993926712
88.347645911968030 79876.43361917825
88.454249401516122 79876.45717159232
88.560852891064698 79876.48059863139
88.667456380613700 79876.50390270381
88.774059870163128 79876.52708608445
88.880663359712898 79876.55015043891
88.987266849263037 79876.57309672536
89.093870338813474 79876.59592558975
89.200473828364181 79876.61863793024
89.307077317915130 79876.64123517058
89.413680807466292 79876.6637191137
89.520284297017639 79876.68609166172
89.626887786569114 79876.70835467507
89.733491276120716 79876.73050994579
89.840094765672390 79876.75255913792
89.946698255224135 79876.77450367049
90.053301744775865 79876.79634472827
90.159905234327610 79876.81808362796
90.266508723879269 79876.83972231027
90.373112213430886 79876.86126322096
90.479715702982361 79876.88270839257
90.586319192533708 79876.90405871201
90.692922682084870 79876.92531439028
90.799526171635819 79876.94647634136
90.906129661186526 79876.9675471326
91.012733150736963 79876.98853051661
91.119336640287102 79877.00942984252
91.225940129836872 79877.03024661176
91.332543619386286 79877.05098026751
91.439147108935302 79877.07162923408
91.545750598483878 79877.09219229933
91.652354088031970 79877.11266947372
91.758957577579579 79877.1330621615
91.865561067126634 79877.1533729229
91.972164556673135 79877.17360499359
92.078768046219039 79877.19376160836
92.185371535764304 79877.21384535299
92.291975025308901 79877.23385788473
92.398578514852815 79877.25380012064
92.505182004395991 79877.27367261345
92.611785493938399 79877.29347577301
92.718388983480025 79877.31320995657
92.824992473020799 79877.33287565752
92.931595962560735 79877.35247371781
93.038199452099775 79877.37200526989
93.144802941637877 79877.39147142351
93.251406431175042 79877.41087303584
93.358009920711197 79877.43021084425
93.464613410246329 79877.44948594402
93.571216899780410 79877.46870019942
93.677820389313410 79877.48785605686
93.784423878845274 79877.50695576984
93.891027368375987 79877.52600068846
93.997630857905520 79877.54499120689
94.104234347433817 79877.5639273156
94.210837836960877 79877.58280917205
94.317441326486630 79877.60163725793
94.424044816011062 79877.62041234014
94.530648305534143 79877.63913564043
94.637251795055860 79877.65780904134
94.743855284576128 79877.67643481187
94.850458774094960 79877.69501488682
94.957062263612301 79877.71355034917
95.063665753128120 79877.73204152737
95.170269242642377 79877.75048848004
95.276872732155070 79877.76889141939
95.383476221666129 79877.78725081898
95.490079711175540 79877.80556722863
95.596683200683245 79877.82384099733
95.703286690189245 79877.84207210797
95.809890179693497 79877.86026026556
95.916493669195958 79877.87840535176
96.023097158696586 79877.89650821743
96.129700648195382 79877.91457136947
96.236304137692258 79877.93259878262
96.342907627187216 79877.9505944757
96.449511116680227 79877.96856060838
96.556114606171263 79877.9864965889
96.662718095660253 79878.00440004388
96.769321585147196 79878.02226895532
96.875925074632022 79878.04010327553
96.982528564114730 79878.05790484334
97.089132053595293 79878.07567601862
97.195735543073653 79878.09341850707
97.302339032549767 79878.1111332402
97.408942522023622 79878.12882083394
97.515546011495175 79878.14648185295
97.622149500964412 79878.16411689762
97.728752990431261 79878.18172684987
97.835356479895708 79878.19931304884
97.941959969357725 79878.21687699648
98.048563458817256 79878.23441982502
98.155166948274285 79878.25194209995
98.261770437728771 79878.26944415312
98.368373927180670 79878.28692660188
98.474977416629969 79878.30439052655
98.581580906076624 79878.32183716701
98.688184395520580 79878.33926750944
98.794787884961821 79878.35668214347
98.901391374400305 79878.37408147466
99.007994863836004 79878.39146609865
99.114598353268875 79878.40883699125
99.221201842698875 79878.42619534333
99.327805332125976 79878.44354218068
99.434408821550150 79878.46087802136
99.541012310971354 79878.47820278654
99.647615800389559 79878.49551605558
99.754219289804709 79878.51281755876
99.860822779216775 79878.53010766502
99.967426268625744 79878.54738762476
100.07402975803156 79878.5646594399
100.18063324743419 79878.58192539541
100.28723673683359 79878.59918744766
100.39384022622971 79878.61644676009
100.50044371562257 79878.63370362256
100.60704720501207 79878.65095779409
100.71365069439821 79878.66820904225
100.82025418378093 79878.68545750239
100.92685767316023 79878.70270366059
101.03346116253603 79878.71994813623
101.14006465190830 79878.73719153854
101.24666814127703 79878.75443442928
101.35327163064215 79878.77167729652
101.45987512000364 79878.78892056804
101.56647860936147 79878.80616473795
101.67308209871558 79878.82341057295
101.77968558806596 79878.84065928106
101.88628907741253 79878.857912476
101.99289256675529 79878.87517183123
102.09949605609420 79878.89243860453
102.20609954542918 79878.90971341408
102.31270303476026 79878.92699638332
102.41930652408735 79878.9442873991
102.52591001341041 79878.9615862886
102.63251350272942 79878.9788930113
102.73911699204433 79878.99620798032
102.84572048135512 79879.01353238289
102.95232397066174 79879.03086815473
103.05892745996414 79879.04821733342
103.16553094926229 79879.06558103641
103.27213443855615 79879.08295890735
103.37873792784568 79879.10034967338
103.48534141713084 79879.11775241514
103.59194490641158 79879.13516747254
103.69854839568788 79879.15259636767
103.80515188495968 79879.1700410302
103.91175537422696 79879.18750301772
104.01835886348967 79879.2049832326
104.12496235274776 79879.22248217474
104.23156584200119 79879.24000039867
104.33816933124992 79879.257538844
104.44477282049394 79879.27509890053
104.55137630973316 79879.29268219284
104.65797979896756 79879.31029018809
104.76458328819712 79879.32792379837
104.87118677742176 79879.3455831016
104.97779026664146 79879.36326729335
105.08439375585618 79879.38097500925
105.19099724506586 79879.398705054
105.29760073427047 79879.41645731662
105.40420422346999 79879.4342333736
105.51080771266433 79879.45203618064
105.61741120185349 79879.46986874331
105.72401469103738 79879.48773273392
105.83061818021601 79879.50562838487
105.93722166938930 79879.52355565398
106.04382515855723 79879.5415151285
106.15042864771974 79879.55950758792
106.25703213687677 79879.57753304801
106.36363562602833 79879.59559081137
106.47023911517432 79879.61368057915
106.57684260431473 79879.63180320595
106.68344609344950 79879.64996028262
106.79004958257859 79879.6681532719
106.89665307170196 79879.6863831838
107.00325656081957 79879.70465086737
107.10986004993133 79879.72295732415
107.21646353903725 79879.74130365314
107.32306702813726 79879.75969083622
107.42967051723132 79879.77811965496
107.53627400631937 79879.79659065818
107.64287749540139 79879.81510406118
107.74948098447732 79879.8336597327
107.85608447354710 79879.85225742553
107.96268796261070 79879.87089713855
108.06929145166806 79879.88957941743
108.17589494071916 79879.90830550293
108.28249842976393 79879.92707721799
108.38910191880233 79879.94589649112
108.49570540783429 79879.96476470189
108.60230889685980 79879.98368234174
108.70891238587879 79880.00264934801
108.81551587489120 79880.02166592638
108.92211936389701 79880.04073321795
109.02872285289615 79880.05985321922
109.13532634188859 79880.079027992
109.24192983087426 79880.09825885776
109.34853331985310 79880.11754612887
109.45513680882510 79880.13688922438
109.56174029779021 79880.15628686709
109.66834378674832 79880.17573752388
109.77494727569945 79880.19524023955
109.88155076464351 79880.21479532628
109.98815425358045 79880.23440427001
110.09475774251024 79880.25406909759
110.20136123143280 79880.27379188246
110.30796472034811 79880.2935745523
110.41456820925609 79880.31341880954
110.52117169815669 79880.33332613648
110.62777518704989 79880.35329785394
110.73437867593559 79880.37333500975
110.84098216481379 79880.39343806817
110.94758565368440 79880.41360672846
111.05418914254737 79880.43384014533
111.16079263140266 79880.45413747618
111.26739612025020 79880.47449845176
111.37399960908995 79880.49492374953
111.48060309792186 79880.51541515304
111.58720658674585 79880.53597537667
111.69381007556188 79880.55660725175
111.80041356436990 79880.57731247372
111.90701705316987 79880.59809088733
112.01362054196170 79880.61894104909
112.12022403074535 79880.63986160647
112.22682751952075 79880.66085230502
112.33343100828787 79880.68191399139
112.44003449704664 79880.7030480236
112.54663798579701 79880.7242556937
112.65324147453889 79880.74553777934
112.75984496327226 79880.76689433023
112.86644845199704 79880.78832500029
112.97305194071319 79880.80982979201
113.07965542942065 79880.83140949409
113.18625891811934 79880.8530653708
113.29286240680922 79880.87479851565
113.39946589549022 79880.89660948608
113.50606938416230 79880.91849838234
113.61267287282536 79880.9404653255
113.71927636147937 79880.96251107991
113.82587985012427 79880.98463718792
113.93248333875999 79881.00684537484
114.03908682738648 79881.02913684581
114.14569031600365 79881.05151206146
114.25229380461147 79881.0739709598
114.35889729320986 79881.09651346345
114.46550078179877 79881.11914014006
114.57210427037811 79881.14185256966
114.67870775894784 79881.16465291938
114.78531124750791 79881.18754289088
114.89191473605823 79881.21052283833
114.99851822459873 79881.23359178308
115.10512171312935 79881.25674845646
115.21172520165005 79881.27999266518
115.31832869016073 79881.30332578151
115.42493217866135 79881.3267499105
115.53153566715183 79881.35026671317
115.63813915563213 79881.37387709756
115.74474264410215 79881.39758180937
115.85134613256180 79881.42138210885
115.95794962101108 79881.44527998273
116.06455310944988 79881.46927780849
116.17115659787811 79881.49337765845
116.27776008629577 79881.51758080763
116.38436357470273 79881.54188801009
116.49096706309894 79881.56630030656
116.59757055148432 79881.59081939359
116.70417403985883 79881.61544708634
116.81077752822236 79881.64018462908
116.91738101657484 79881.66503289429
117.02398450491624 79881.6899935593
117.13058799324644 79881.71507037399
117.23719148156542 79881.74026945411
117.34379496987304 79881.76559811718
117.45039845816927 79881.7910629366
117.55700194645405 79881.81666858739
117.66360543472726 79881.84241842118
117.77020892298886 79881.86831599846
117.87681241123876 79881.89436607063
117.98341589947688 79881.92057440215
118.09001938770317 79881.94694696864
118.19662287591751 79881.97348927225
118.30322636411985 79882.00020610658
118.40982985231011 79882.02710189257
118.51643334048821 79882.05418166342
118.62303682865405 79882.08145227305
118.72964031680759 79882.10892283886
118.83624380494874 79882.13660390532
118.94284729307739 79882.1645060004
119.04945078119350 79882.1926386918
119.15605426929697 79882.22101064555
119.26265775738771 79882.24963049334
119.36926124546565 79882.27850802145
119.47586473353070 79882.30765507167
119.58246822158279 79882.33708553672
119.68907170962180 79882.36681411209
119.79567519764768 79882.39685416647
119.90227868566033 79882.42721603844
120.00888217365969 79882.45790735174
120.11548566164565 79882.48893569181
120.22208914961811 79882.52031192006
120.32869263757701 79882.55205145782
120.43529612552226 79882.58417220456
120.54189961345375 79882.6166906763
120.64850310137142 79882.64962002994
120.75510658927516 79882.68297192824
120.86171007716487 79882.71675968803
120.96831356504050 79882.75099873812
121.07491705290191 79882.78570421312
121.18152054074905 79882.82088895793
121.28812402858181 79882.85656392865
121.39472751640010 79882.89273985755
121.50133100420382 79882.92942836312
121.60793449199286 79882.96664194329
121.71453797976716 79883.00439309898
121.82114146752662 79883.042693273
121.92774495527111 79883.08155254269
122.03434844300057 79883.1209800619
122.14095193071486 79883.16098410431
122.24755541841394 79883.20157129114
122.35415890609767 79883.2427461345
122.46076239376595 79883.2845117865
122.56736588141870 79883.32687126161
122.67396936905578 79883.3698277938
122.78057285667715 79883.41338388514
122.88717634428266 79883.45753984511
122.99377983187226 79883.50229318955
123.10038331944577 79883.54763953517
123.20698680700312 79883.59357401913
123.31359029454423 79883.64009168075
123.42019378206896 79883.68718658657
123.52679726957720 79883.73485106255
123.63340075706888 79883.7830762071
123.74000424454387 79883.83185306552
123.84660773200204 79883.88117283008
123.95321121944333 79883.9310254355
124.05981470686758 79883.98139752097
124.16641819427471 79884.03227117911
124.27302168166459 79884.08362435634
124.37962516903711 79884.13543293776
124.48622865639217 79884.18767344179
124.59283214372964 79884.24032435412
124.69943563104941 79884.29336504785
124.80603911835138 79884.34677356672
124.91264260563537 79884.40052559038
125.01924609290134 79884.45459543397
125.12584958014915 79884.5089578364
125.23245306737866 79884.56358874444
125.33905655458976 79884.61846431559
125.44566004178230 79884.67355897841
125.55226352895622 79884.72884428393
125.65886701611133 79884.78428933419
125.76547050324756 79884.83986204573
125.87207399036477 79884.89553053642
125.97867747746282 79884.9512646707
126.08528096454155 79885.0070375063
126.19188445160094 79885.06282545975
126.29848793864075 79885.11860598858
126.40509142566088 79885.17435361631
126.51169491266123 79885.23003793623
126.61829839964166 79885.28562648817
126.72490188660200 79885.34109026952
126.83150537354217 79885.39640627507
126.93810886046199 79885.45155498853
127.04471234736134 79885.50651656256
127.15131583424009 79885.56126972134
127.25791932109810 79885.61579284557
127.36452280793522 79885.67006451638
127.47112629475133 79885.72406312241
127.57772978154625 79885.77776727221
127.68433326831986 79885.83115733696
127.79093675507205 79885.8842163433
127.89754024180264 79885.93692939128
128.00414372851148 79885.98928270799
128.11074721519842 79886.04126348555
128.21735070186332 79886.09286082831
128.32395418850604 79886.14406727483
128.43055767512644 79886.19487937506
128.53716116172436 79886.24529631619
128.64376464829959 79886.29531718667
128.75036813485207 79886.3449383788
128.85697162138160 79886.39415292614
128.96357510788798 79886.44295321249
129.07017859437113 79886.49133534961
129.17678208083083 79886.53930052956
129.28338556726698 79886.58685205421
129.38998905367933 79886.63399251664
129.49659254006784 79886.68072472546
129.60319602643222 79886.7270547021
129.70979951277238 79886.77299307003
129.81640299908813 79886.81855309426
129.92300648537929 79886.86374678092
130.02960997164573 79886.9085826072
130.13621345788724 79886.95306741784
130.24281694410368 79886.99721081051
130.34942043029480 79887.04102787805
130.45602391646051 79887.08453847877
130.56262740260064 79887.1277646785
130.66923088871494 79887.17072870825
130.77583437480328 79887.21345244403
130.88243786086545 79887.25595809694
130.98904134690127 79887.2982691859
131.09564483291061 79887.34041102114
131.20224831889320 79887.38241067782
131.30885180484890 79887.4242968992
131.41545529077749 79887.46610002202
131.52205877667885 79887.50785180321
131.62866226255272 79887.54958520952
131.73526574839889 79887.59133444322
131.84186923421723 79887.63313549303
131.94847272000749 79887.67502699736
132.05507620576950 79887.71705065959
132.16167969150305 79887.75925108003
132.26828317720793 79887.80167570637
132.37488666288397 79887.84437516649
132.48149014853092 79887.88740349018
132.58809363414858 79887.9308179252
132.69469711973676 79887.97467869609
132.80130060529521 79888.01904913715
132.90790409082376 79888.0639960436
133.01450757632219 79888.10958959474
133.12111106179023 79888.15590251247
133.22771454722772 79888.20300911067
133.33431803263443 79888.2509855955
133.44092151801010 79888.2999118926
133.54752500335454 79888.34987343482
133.65412848866751 79888.4009617312
133.76073197394879 79888.4532746498
133.86733545919813 79888.50691751532
133.97393894441529 79888.56200416847
134.08054242960009 79888.6186564431
134.18714591475219 79888.67700218468
134.29374939987144 79888.7371734828
134.40035288495758 79888.79930648394
134.50695637001036 79888.86354279722
134.61355985502951 79888.93003140415
134.72016334001481 79888.99892971282
134.82676682496597 79889.07040334758
134.93337030988280 79889.14462575367
135.03997379476499 79889.22177857278
135.14657727961230 79889.30205180497
135.25318076442449 79889.38564236234
135.35978424920123 79889.47275239155
135.46638773394233 79889.56359038914
135.57299121864747 79889.65837465978
135.67959470331638 79889.7573347617
135.78619818794883 79889.8607090721
135.89280167254452 79889.96874193773
135.99940515710318 79890.08168362278
136.10600864162450 79890.19979134957
136.21261212610821 79890.3233282096
136.31921561055404 79890.45256017758
136.42581909496170 79890.587753693
136.53242257933084 79890.72917471685
136.63902606366125 79890.877088956
136.74562954795257 79891.0317631948
136.85223303220457 79891.19346617642
136.95883651641682 79891.36246567016
137.06544000058915 79891.53902097381
137.17204348472114 79891.72337499555
137.27864696881255 79891.91575046591
137.38525045286306 79892.11635044539
137.49185393687233 79892.32535980553
137.59845742084002 79892.54294481449
137.70506090476584 79892.76925028494
137.81166438864943 79893.00439478424
137.91826787249047 79893.24846450578
138.02487135628866 79893.50150745267
138.13147484004358 79893.76353005652
138.23807832375499 79894.03449601884
138.34468180742243 79894.31432492512
138.45128529104565 79894.60288896448
138.55788877462425 79894.90000822024
138.66449225815788 79895.20544649583
138.77109574164618 79895.51890974166
138.87769922508883 79895.84004725936
138.98430270848536 79896.16845359454
139.09090619183550 79896.50366909592
139.19750967513883 79896.84517949619
139.30411315839496 79897.19241708082
139.41071664160353 79897.5447648678
139.51732012476415 79897.9015615932
139.62392360787643 79898.26210513093
139.73052709093994 79898.62565648185
139.83713057395434 79898.99144761795
139.94373405691920 79899.35869129281
140.05033753983412 79899.72658797659
140.15694102269867 79900.09432974516
140.26354450551241 79900.4611069218
140.37014798827499 79900.82612168696
140.47675147098593 79901.18860424038
140.58335495364483 79901.54782265103
140.68995843625123 79901.90308440958
140.79656191880471 79902.2537367858
140.90316540130482 79902.59917249516
141.00976888375112 79902.93883980182
141.11637236614311 79903.2722521869
141.22297584848042 79903.5989941479
141.32957933076250 79903.91872283681
141.43618281298890 79904.23116757044
141.54278629515920 79904.53612912548
141.64938977727289 79904.8334782624
141.75599325932944 79905.12315211861
141.86259674132845 79905.40514981715
141.96920022326933 79905.67952992495
142.07580370515163 79905.94640919738
142.18240718697487 79906.20595925036
142.28901066873851 79906.45839960883
142.39561415044199 79906.70398864785
142.50221763208484 79906.94301492025
142.60882111366652 79907.17579121629
142.71542459518648 79907.40265193341
142.82202807664422 79907.62395024057
142.92863155803914 79907.84005075334
143.03523503937072 79908.05131934094
143.14183852063834 79908.2581158138
143.24844200184154 79908.46079100504
143.35504548297965 79908.65968468449
143.46164896405216 79908.85512258143
143.56825244505845 79909.04741501874
143.67485592599789 79909.23685805347
143.78145940686994 79909.42373301998
143.88806288767398 79909.608301957
143.99466636840936 79909.79080283854
144.10126984907552 79909.97144916042
144.20787332967174 79910.15043362294
144.31447681019748 79910.3279327745
144.42108029065204 79910.50410925927
144.52768377103476 79910.67910992276
144.63428725134500 79910.85306157767
144.74089073158214 79911.0260688697
144.84749421174541 79911.1982168999
144.95409769183419 79911.3695768314
145.06070117184777 79911.5402110099
145.16730465178546 79911.71017626366
145.27390813164652 79911.87952524652
145.38051161143025 79912.04830509999
145.48711509113593 79912.21655436108
145.59371857076283 79912.38430119888
145.70032205031018 79912.55156432254
145.80692552977726 79912.7183547147
145.91352900916328 79912.88467638975
146.02013248846745 79913.05052704691
146.12673596768903 79913.21590094556
146.23333944682722 79913.3807936465
146.33994292588119 79913.54520475882
146.44654640485012 79913.70913615248
146.55314988373323 79913.87258758585
146.65975336252967 79914.03555347542
146.76635684123858 79914.19802291636
146.87296031985912 79914.35998252731
146.97956379839042 79914.52142003161
147.08616727683162 79914.68232646654
147.19277075518178 79914.84269646581
147.29937423344006 79915.00252748506
147.40597771160549 79915.16181853754
147.51258118967721 79915.32056837909
147.61918466765422 79915.47877397122
147.72578814553566 79915.63643072368
147.83239162332046 79915.79353449942
147.93899510100769 79915.95008336975
148.04559857859641 79916.10607731745
148.15220205608557 79916.26151641813
148.25880553347417 79916.41639923319
148.36540901076120 79916.5707221477
148.47201248794556 79916.7244796262
148.57861596502627 79916.87766548916
148.68521944200222 79917.03027471245
148.79182291887233 79917.18230477377
148.89842639563551 79917.33375616447
149.00502987229066 79917.48463199595
149.11163334883662 79917.63493658914
149.21823682527227 79917.78467367313
149.32484030159642 79917.93384527067
149.43144377780794 79918.08245190412
149.53804725390560 79918.23049437845
149.64465072988821 79918.37797654918
149.75125420575452 79918.52490653926
149.85785768150333 79918.67129387337
149.96446115713334 79918.81714391818
150.07106463264324 79918.9624545098
150.17766810803184 79919.10721803806
150.28427158329774 79919.25142710863
150.39087505843960 79919.39507905224
150.49747853345610 79919.53817674164
150.60408200834587 79919.68072668572
150.71068548310745 79919.82273635191
150.81728895773955 79919.96421213933
150.92389243224062 79920.10515866132
151.03049590660925 79920.24557871761
151.13709938084395 79920.38547315642
151.24370285494325 79920.52484183389
151.35030632890559 79920.66368690474
151.45690980272946 79920.80201559178
151.56351327641329 79920.93983823042
151.67011674995547 79921.07716328354
151.77672022335435 79921.21399536013
151.88332369660836 79921.35033727299
151.98992716971586 79921.48619113288
152.09653064267505 79921.62155656777
152.20313411548429 79921.75643027906
152.30973758814181 79921.89080958445
152.41634106064583 79922.02469635702
152.52294453299464 79922.1580967957
152.62954800518634 79922.29101769286
152.73615147721907 79922.42346363043
152.84275494909096 79922.55543736128
152.94935842080011 79922.68694129454
153.05596189234458 79922.81797766592
153.16256536372242 79922.9485480695
153.26916883493155 79923.07865382057
153.37577230597006 79923.20829675496
153.48237577683574 79923.33747954475
153.58897924752659 79923.4662052929
153.69558271804041 79923.59447677164
153.80218618837509 79923.72229627013
153.90878965852838 79923.84966649755
154.01539312849806 79923.97659170152
154.12199659828184 79924.10307809175
154.22860006787741 79924.22913317932
154.33520353728238 79924.35476399618
154.44180700649443 79924.47997520921
154.54841047551108 79924.6047685957
154.65501394432985 79924.72914380406
154.76161741294820 79924.85309915099
154.86822088136367 79924.97663218672
154.97482434957351 79925.09974076193
155.08142781757522 79925.22242479253
155.18803128536601 79925.3446878752
155.29463475294313 79925.46653735042
155.40123822030387 79925.58798213277
155.50784168744536 79925.70902981819
155.61444515436472 79925.82968552122
155.72104862105897 79925.94995260457
155.82765208752519 79926.06983317829
155.93425555376029 79926.18932756552
156.04085901976123 79926.3084345362
156.14746248552481 79926.42715358063
156.25406595104783 79926.5454872717
156.36066941632703 79926.66344065568
156.46727288135907 79926.78101797514
156.57387634614062 79926.89822047814
156.68047981066817 79927.01504752846
156.78708327493831 79927.13149929384
156.89368673894737 79927.2475785656
157.00029020269173 79927.36329089792
157.10689366616768 79927.47864264877
157.21349712937152 79927.59363726564
157.32010059229927 79927.70827298758
157.42670405494712 79927.82254512224
157.53330751731104 79927.93645101169
157.63991097938697 79928.04999307578
157.74651444117075 79928.16317857595
157.85311790265811 79928.27601771793
157.95972136384481 79928.38852105524
158.06632482472645 79928.50069637681
158.17292828529850 79928.61254619925
158.27953174555643 79928.72406785471
158.38613520549558 79928.83525685787
158.49273866511115 79928.9461114992
158.59934212439839 79929.05663543961
158.70594558335230 79929.16683659826
158.81254904196786 79929.27672343909
158.91915250023990 79929.38630127764
159.02575595816319 79929.49557049919
159.13235941573237 79929.60452739283
159.23896287294198 79929.71316769395
159.34556632978649 79929.82149139034
159.45216978626010 79929.92950536337
159.55877324235709 79930.03722152856
159.66537669807150 79930.14465179884
159.77198015339727 79930.25180293496
159.87858360832820 79930.35867367324
159.98518706285802 79930.46525596837
160.09179051698021 79930.5715407514
160.19839397068824 79930.67752494536
160.30499742397532 79930.7832144994
160.41160087683463 79930.88862110778
160.51820432925905 79930.99375569014
160.62480778124146 79931.09862431994
160.73141123277452 79931.20322893099
160.83801468385070 79931.307570224
160.94461813446230 79931.4116494688
161.05122158460154 79931.51546818625
161.15782503426033 79931.61902676254
161.26442848343046 79931.7223240321
161.37103193210356 79931.82535909601
161.47763538027104 79931.92813400617
161.58423882792408 79932.03065455408
161.69084227505368 79932.13292844807
161.79744572165072 79932.234962319
161.90404916770567 79932.33675900045
162.01065261320895 79932.43831666186
162.11725605815067 79932.53963097795
162.22385950252070 79932.64069863761
162.33046294630870 79932.74151920911
162.43706638950408 79932.84209552931
162.54366983209593 79932.94243475249
162.65027327407316 79933.04254921175
162.75687671542431 79933.14245422071
162.86348015613774 79933.24216319497
162.97008359620145 79933.34168347855
163.07668703560313 79933.44101472369
163.18329047433022 79933.54014987478
163.28989391236973 79933.6390791026
163.39649734970854 79933.73779572346
163.50310078633291 79933.83630056313
163.60970422222897 79933.93460177553
163.71630765738237 79934.03271087186
163.82291109177845 79934.13063836166
163.92951452540214 79934.22839125822
164.03611795823792 79934.32597249364
164.14272139026991 79934.42338222226
164.24932482148176 79934.52062089145
164.35592825185674 79934.61769198804
164.46253168137756 79934.71460190557
164.56913511002656 79934.81135709916
164.67573853778552 79934.90796121726
164.78234196463569 79935.00441437119
164.88894539055789 79935.10071429769
164.99554881553229 79935.19685786575
165.10215223953853 79935.29284213278
165.20875566255569 79935.38866524349
165.31535908456220 79935.48432756156
165.42196250553593 79935.57983312996
165.52856592545399 79935.67519112294
165.63516934429288 79935.77041607832
165.74177276202838 79935.86552546978
165.84837617863562 79935.96053455907
165.95497959408880 79936.05545125408
166.06158300836148 79936.15027500411
166.16818642142636 79936.24500043008
166.27478983325526 79936.3396220502
166.38139324381916 79936.43413704746
166.48799665308812 79936.52854644466
166.59460006103123 79936.62285554646
166.70120346761661 79936.71707324908
166.80780687281134 79936.81120993065
166.91441027658141 79936.90527450357
167.02101367889168 79936.99927240929
167.12761707970591 79937.09320651664
167.23422047898666 79937.18708001441
167.34082387669508 79937.28089784678
167.44742727279115 79937.37466544299
167.55403066723343 79937.46838690524
167.66063405997906 79937.56206420317
167.76723745098369 79937.65569714298
167.87384084020132 79937.74928464837
167.98044422758448 79937.84282812977
168.08704761308385 79937.93633511182
168.19365099664844 79938.02981981322
168.30025437822533 79938.12329980383
168.40685775775972 79938.21679132056
168.51346113519466 79938.31030636918
168.62006451047120 79938.40385216245
168.72666788352808 79938.49743146941
168.83327125430174 79938.59104364671
168.93987462272611 79938.68468710588
169.04647798873262 79938.77836188463
169.15308135224998 79938.87207038296
169.25968471320411 79938.96581726272
169.36628807151777 79939.05960977435
169.47289142711091 79939.15345704228
169.57949477989990 79939.24736760274
169.68609812979787 79939.34134760965
169.79270147671417 79939.43540161091
169.89930482055439 79939.52953448218
170.00590816122013 79939.62375226569
170.11251149860868 79939.71806189569
170.21911483261292 79939.81247128366
170.32571816312091 79939.90698981158
170.43232149001580 79940.00162775636
170.53892481317541 79940.09639459528
170.64552813247212 79940.19129837037
170.75213144777229 79940.28634750082
170.85873475893609 79940.3815538726
170.96533806581712 79940.47693491649
171.07194136826192 79940.57251314964
171.17854466610967 79940.66831263796
171.28514795919173 79940.7643528728
171.39175124733100 79940.8606423172
171.49835453034152 79940.95717569982
171.60495780802793 79941.05393787943
171.71156108018482 79941.15091278727
171.81816434659601 79941.24809364969
171.92476760703397 79941.34549114997
172.03137086125898 79941.44313504444
172.13797410901833 79941.54106579135
172.24457735004532 79941.6393209771
172.35118058405857 79941.7379273288
172.45778381076062 79941.83690276186
172.56438702983701 79941.93626293012
172.67099024095501 79942.03602548824
172.77759344376224 79942.13621068867
172.88419663788522 79942.2368407956
172.99079982292767 79942.33794039054
173.09740299846894 79942.4395371664
173.20400616406187 79942.5416614324
173.31060931923091 79942.64434393613
173.41721246346964 79942.74761378448
173.52381559623834 79942.85149839507
173.63041871696109 79942.95602520635
173.73702182502288 79943.06122294681
173.84362491976606 79943.1671207382
173.95022800048648 79943.27374614998
174.05683106642977 79943.38112467129
174.16343411678614 79943.48928177684
174.27003715068579 79943.59824671707
174.37664016719282 79943.70805569057
174.48324316529909 79943.81875191863
174.58984614391693 79943.93038323104
174.69644910187125 79944.04300075155
174.80305203789064 79944.15666086636
174.90965495059703 79944.27142821533
175.01625783849477 79944.38737718921
175.12286069995696 79944.50459145874
175.22946353321186 79944.6231604721
175.33606633632533 79944.74317221672
175.44266910718261 79944.86470647657
175.54927184346610 79944.9878350601
175.65587454263087 79945.11263066054
175.76247720187598 79945.23917887137
175.86907981811146 79945.36758632574
175.97568238791982 79945.49798206339
176.08228490751182 79945.63051379376
176.18888737267432 79945.76534242956
176.29548977870931 79945.90263808992
176.40209212036220 79946.04257969534
176.50869439173675 79946.18535832257
176.61529658619415 79946.33118324407
176.72189869623216 79946.4802895852
176.82850071334036 79946.63294591926
176.93510262782462 79946.78945821199
177.04170442859407 79946.95016918003
177.14830610290005 79947.11545671972
177.25490763601445 79947.28573561956
177.36150901082988 79947.46146317237
177.46811020735956 79947.64314831611
177.57471120210440 79947.8313611488
177.68131196724633 79948.02673754704
177.78791246960876 79948.22997775264
177.89451266930035 79948.44184613142
178.00111251792748 79948.6631734692
178.10771195620069 79948.89485048999
178.21431091068649 79949.13779780365
178.32090928932419 79949.39290744398
178.42750697511929 79949.66095155924
178.53410381709546 79949.94244742929
178.64069961699329 79950.23746573187
178.74729410919707 79950.54538011414
178.85388692949533 79950.86457141505
178.96047756468295 79951.19215076059
179.06706526776739 79951.52389076064
179.17364890788707 79951.8547884334
179.28022668777305 79952.18097807546
179.38679556912021 79952.50381798424
179.49334998137314 79952.83608501323
179.59987850312982 79953.20701630946
179.70635352133914 79953.65764441295
179.81268748967651 79954.21744560415
179.91839718513128 79954.8704872859
