   8.1602814868713611E-002   19081.382457671021     
  0.18731251032347712        16385.381241098476     
  0.29364647866087329        12692.323989818449     
  0.40012149687019832        9105.5616800162206     
  0.50665001862686565        6226.1528873565276     
  0.61320443087981424        4164.5587201029502     
  0.71977331222693675        2781.5651310485541     
  0.82635109211293500        1882.1322254996078     
  0.93293473223262124        1301.6498196463035     
   1.0395224353170640        924.12284424283507     
   1.1461130705046729        674.35678307149010     
   1.2527058908029178        505.39868836489148     
   1.3593003830067230        388.28089231222799     
   1.4658961829045687        305.07388821291869     
   1.5724930248807041        244.54528844605977     
   1.6790907106758404        199.53415508723268     
   1.7856890893135182        165.38306847328755     
   1.8922880437993241        138.99734603101055     
   1.9988874820725400        118.27694931982694     
   2.1054873306996398        101.76670182464514     
   2.2120875303912393        88.438464367185645     
   2.3186880327536650        77.552115462112710     
   2.4252887978956066        68.566186024623903     
   2.5318897926404529        61.078432848273572     
   2.6384909891701112        54.785850446129807     
   2.7450923639855582        49.456677590239323     
   2.8516938970999597        44.911189082103078     
   2.9582955714059471        41.008377614862738     
   3.0648973721753681        37.636857917867168     
   3.1714992866596434        34.708021243200122     
   3.2781013037678388        32.150780512999916     
   3.3847034138058549        29.907463329429493     
   3.4913056082632483        27.930855882644121     
   3.5979078796378148        26.182007235349616     
   3.7045102212907182        24.628542044912898     
   3.8111126273256999        23.243329229725603     
   3.9177150924881685        22.003540130372190     
   4.0243176120801936        20.889977678224653     
   4.1309201818885466        19.886500224338995     
   4.2375227981240036        18.979492726290154     
   4.3441254573691213        18.157398084024521     
   4.4507281565339181        17.410358039232349     
   4.5573308928173981        16.729895937426434     
   4.6639336636746656        16.108646836616686     
   4.7705364667881618        15.540121340995924     
   4.8771393000430461        15.018588630378792     
   4.9837421615052451        14.539020437071294     
   5.0903450494029743        14.097044517691346     
   5.1969479621093653        13.688832876883525     
   5.3035508981287549        13.311019413122773     
   5.4101538560830864        12.960645742888873     
   5.5167568347009119        12.635111830173930     
   5.6233598328071821        12.332088905933954     
   5.7299628493142016        12.049491844563503     
   5.8365658832138738        11.785489763428473     
   5.9431689335702611        11.538487544835716     
   6.0497719995135188        11.307047181835431     
   6.1563750802339525        11.089840952451443     
   6.2629781749771398        10.885637045165904     
   6.3695812830389364        10.693287765692062     
   6.4761844037616960        10.511724008986304     
   6.5827875365303816        10.340000344142195     
   6.6893906807691019        10.177333081185223     
   6.7959938359381455        10.023069836081858     
   6.9025970015310794        9.8766243149684030     
   7.0092001770723389        9.7374443176166139     
   7.1158033621147645        9.6050134527653821     
   7.2224065562377460        9.4788607429636098     
   7.3290097590450030        9.3585630953173133     
   7.4356129701629881        9.2437302800781112     
   7.5422161892394044        9.1339865512077942     
   7.6488194159414471        9.0289647074927348     
   7.7554226499546912        8.9283107280022413     
   7.8620258909816778        8.8316826735439005     
   7.9686291387410186        8.7387585871877196     
   8.0752323929660434        8.6492562158386583     
   8.1818356534039953        8.5629480872865091     
   8.2884389198151833        8.4796492272192108     
   8.3950421919720775        8.3991911849970684     
   8.5016454696584827        8.3214017384481096     
   8.6082487526690024        8.2461094085806579     
   8.7148520408082621        8.1731575518956827     
   8.8214553338903183        8.1024068757909866     
   8.9280586317380841        8.0337260505160071     
   9.0346619341828980        7.9669938296888079     
   9.1412652410639179        7.9021038025190364     
   9.2478685522277342        7.8389594741613653     
   9.3544718675278791        7.7774674193162117     
   9.4610751868245906        7.7175383476552648     
   9.5676785099842210        7.6590838315968117     
   9.6742818368791035        7.6020096712001299     
   9.7808851673871064        7.5462165822597029     
   9.8874885013913048        7.4916114566086209     
   9.9940918387798661        7.4381231177886535     
   10.100695179445616        7.3857083670236241     
   10.207298523285839        7.3343377218396570     
   10.313901870202134        7.2839746120423028     
   10.420505220100090        7.2345637832542877     
   10.527108572889103        7.1860273768459031     
   10.633711928482215        7.1382754783202786     
   10.740315286795910        7.0912342283087959     
   10.846918647750019        7.0448677753664546     
   10.953522011267387        6.9991707508800420     
   11.060125377273897        6.9541450236272917     
   11.166728745698297        6.9097859432492008     
   11.273332116471929        6.8660863460589283     
   11.379935489528835        6.8230402477347045     
   11.486538864805343        6.7806331240583821     
   11.593142242240296        6.7388328105960822     
   11.699745621774666        6.6975930275494573     
   11.806349003351569        6.6568523529752470     
   11.912952386916160        6.6165318670658317     
   12.019555772415540        6.5765538129541117     
   12.126159159798691        6.5368728807755279     
   12.232762549016327        6.4974916830469294     
   12.339365940020947        6.4584515322569738     
   12.445969332766561        6.4198034890750328     
   12.552572727208855        6.3815801872497335     
   12.659176123304924        6.3437874618178256     
   12.765779521013362        6.3064068355072038     
   12.872382920294072        6.2694005590876776     
   12.978986321108311        6.2327284539524079     
   13.085589723418598        6.1963658738035949     
   13.192193127188665        6.1603042100235905     
   13.298796532383388        6.1245382702810760     
   13.405399938968774        6.0890506653043399     
   13.512003346911897        6.0538056410942627     
   13.618606756180849        6.0187626296118628     
   13.725210166744768        5.9838972559198389     
   13.831813578573660        5.9492124461866771     
   13.938416991638530        5.9147348779796349     
   14.045020405911227        5.8804952931941061     
   14.151623821364407        5.8465072825845947     
   14.258227237971605        5.8127623159153270     
   14.364830655707118        5.7792376738564384     
   14.471434074546018        5.7459091282070434     
   14.578037494464093        5.7127627262325422     
   14.684640915437782        5.6797965803488548     
   14.791244337444327        5.6470183249768873     
   14.897847760461483        5.6144425770025155     
   15.004451184467726        5.5820834794720620     
   15.111054609442125        5.5499462313879873     
   15.217658035364320        5.5180190620593752     
   15.324261462214499        5.4862687863916264     
   15.430864889973442        5.4546518086147353     
   15.537468318622448        5.4231331389968922     
   15.644071748143269        5.3917005713255941     
   15.750675178518243        5.3603714170637060     
   15.857278609730118        5.3291822780717499     
   15.963882041762105        5.2981659012032365     
   16.070485474597870        5.2673355781003206     
   16.177088908221549        5.2366830452828266     
   16.283692342617641        5.2061891056665468     
   16.390295777771048        5.1758393182468865     
   16.496899213667092        5.1456293339891737     
   16.603502650291485        5.1155613736244705     
   16.710106087630251        5.0856366208795096     
   16.816709525669779        5.0558479945899926     
   16.923312964396871        5.0261848744829658     
   17.029916403798566        4.9966423677758387     
   17.136519843862256        4.9672226889428543     
   17.243123284575692        4.9379325318997003     
   17.349726725926860        4.9087773634957470     
   17.456330167904088        4.8797572957315074     
   17.562933610495932        4.8508683575061546     
   17.669537053691315        4.8221036323240076     
   17.776140497479318        4.7934558545170169     
   17.882743941849345        4.7649196008375299     
   17.989347386791067        4.7364921599253549     
   18.095950832294342        4.7081803581367447     
   18.202554278349297        4.6800019128953183     
   18.309157724946317        4.6519738855359680     
   18.415761172075936        4.6241011080553118     
   18.522364619728982        4.5963722482153209     
   18.628968067896462        4.5687679946843343     
   18.735571516569550        4.5412741347586607     
   18.842174965739691        4.5138862630879544     
   18.948778415398479        4.4866084875536716     
   19.055381865537697        4.4594476279004507     
   19.161985316149305        4.4324091197336308     
   19.268588767225481        4.4055001177473878     
   19.375192218758535        4.3787267516519881     
   19.481795670740965        4.3520885042372122     
   19.588399123165402        4.3255798406948944     
   19.695002576024692        4.2991933266659412     
   19.801606029311781        4.2729215874652269     
   19.908209483019796        4.2467558791413058     
   20.014812937141993        4.2206856636634544     
   20.121416391671797        4.1947050485094612     
   20.228019846602741        4.1688169814507035     
   20.334623301928509        4.1430325127595129     
   20.441226757642902        4.1173650734260114     
   20.547830213739907        4.0918228503803284     
   20.654433670213532        4.0664091736580605     
   20.761037127058021        4.0411242989370582     
   20.867640584267644        4.0159663632307439     
   20.974244041836833        3.9909359591608395     
   21.080847499760122        3.9660368498391279     
   21.187450958032159        3.9412724436793112     
   21.294054416647707        3.9166388883168577     
   21.400657875601620        3.8921211706032608     
   21.507261334888842        3.8677017684334154     
   21.613864794504448        3.8433707823515100     
   21.720468254443585        3.8191303284785123     
   21.827071714701514        3.7949920669864170     
   21.933675175273578        3.7709691622916104     
   22.040278636155190        3.7470737918297057     
   22.146882097341891        3.7233160098033062     
   22.253485558829276        3.6996989837199936     
   22.360089020613042        3.6762148460250579     
   22.466692482688963        3.6528447373580564     
   22.573295945052870        3.6295704997191343     
   22.679899407700724        3.6063877168239924     
   22.786502870628503        3.5833080001205824     
   22.893106333832314        3.5603513684005486     
   22.999709797308288        3.5375309400530974     
   23.106313261052652        3.5148454893711754     
   23.212916725061714        3.4922851982607317     
   23.319520189331815        3.4698409296413923     
   23.426123653859381        3.4475084029928804     
   23.532727118640938        3.4252805296534889     
   23.639330583672997        3.4031425879542176     
   23.745934048952194        3.3810821697299378     
   23.852537514475209        3.3591054412066508     
   23.959140980238779        3.3372434170952046     
   24.065744446239702        3.3155331188386836     
   24.172347912474802        3.2939899868274964     
   24.278951378941027        3.2725959940968234     
   24.385554845635287        3.2513107418009897     
   24.492158312554633        3.2300995886049297     
   24.598761779696119        3.2089525181521994     
   24.705365247056864        3.1878821990487070     
   24.811968714634016        3.1669102695338971     
   24.918572182424807        3.1460543794032683     
   25.025175650426487        3.1253262632886818     
   25.131779118636356        3.1047334195367431     
   25.238382587051799        3.0842807555740945     
   25.344986055670166        3.0639703706357206     
   25.451589524488945        3.0437959284831750     
   25.558192993505582        3.0237391103885463     
   25.664796462717618        3.0037719601238306     
   25.771399932122609        2.9838703116291092     
   25.878003401718178        2.9640307469727554     
   25.984606871501949        2.9442732893466488     
   26.091210341471623        2.9246281334640325     
   26.197813811624918        2.9051160574973198     
   26.304417281959591        2.8857414783337512     
   26.411020752473426        2.8664988965245004     
   26.517624223164265        2.8473797670258669     
   26.624227694029969        2.8283777201098257     
   26.730831165068437        2.8094890876099829     
   26.837434636277596        2.7907110015697842     
   26.944038107655413        2.7720370543543478     
   27.050641579199901        2.7534561266812281     
   27.157245050909061        2.7349627695535847     
   27.263848522780957        2.7165643210960115     
   27.370451994813681        2.6982748109413448     
   27.477055467005364        2.6801032342426856     
   27.583658939354152        2.6620504776759706     
   27.690262411858193        2.6441140834801620     
   27.796865884515721        2.6262870487972321     
   27.903469357324965        2.6085563677641401     
   28.010072830284166        2.5909084977025643     
   28.116676303391625        2.5733403547891887     
   28.223279776645640        2.5558651866751410     
   28.329883250044553        2.5385041140779565     
   28.436486723586714        2.5212738752468118     
   28.543090197270530        2.5041783016831016     
   28.649693671094397        2.4872073733977613     
   28.756297145056752        2.4703421342590652     
   28.862900619156051        2.4535627079725337     
   28.969504093390757        2.4368598670526476     
   29.076107567759390        2.4202391511307413     
   29.182711042260475        2.4037150838151167     
   29.289314516892546        2.3873009873109705     
   29.395917991654162        2.3710020737159709     
   29.502521466543911        2.3548147933728338     
   29.609124941560410        2.3387276332505977     
   29.715728416702287        2.3227270837394474     
   29.822331891968179        2.3068046859608455     
   29.928935367356754        2.2909605732796301     
   30.035538842866675        2.2752038425542991     
   30.142142318496678        2.2595494240947884     
   30.248745794245476        2.2440135904544842     
   30.355349270111802        2.2286049824588026     
   30.461952746094401        2.2133178385476096     
   30.568556222192065        2.1981336007380565     
   30.675159698403576        2.1830308398232496     
   30.781763174727732        2.1679984458594905     
   30.888366651163377        2.1530395049161970     
   30.994970127709355        2.1381661414116038     
   31.101573604364482        2.1233906142938519     
   31.208177081127673        2.1087203212764383     
   31.314780557997786        2.0941567788263171     
   31.421384034973737        2.0796937853769166     
   31.527987512054448        2.0653193974104922     
   31.634590989238824        2.0510218141012837     
   31.741194466525833        2.0367987544834869     
   31.847797943914440        2.0226613966011260     
   31.954401421403599        2.0086273587481616     
   32.061004898992309        1.9947096393395731     
   32.167608376679567        1.9809073942074151     
   32.274211854464376        1.9672050085025501     
   32.380815332345776        1.9535788195777515     
   32.487418810322815        1.9400110845618259     
   32.594022288394513        1.9265007704404469     
   32.700625766559959        1.9130603635741250     
   32.807229244818224        1.8997054648122389     
   32.913832723168404        1.8864457636663552     
   33.020436201609591        1.8732840444124972     
   33.127039680140882        1.8602201579412274     
   33.233643158761431        1.8472555832602009     
   33.340246637470344        1.8343902437676829     
   33.446850116266788        1.8216127076173416     
   33.553453595149882        1.8089025137511137     
   33.660057074118832        1.7962442661522076     
   33.766660553172805        1.7836390092555250     
   33.873264032310971        1.7711032988733357     
   33.979867511532554        1.7586590911005628     
   34.086470990836730        1.7463183808807095     
   34.193074470222747        1.7340733227538296     
   34.299677949689823        1.7219066556441680     
   34.406281429237175        1.7098088784035048     
   34.512884908864059        1.6977831453520795     
   34.619488388569749        1.6858355659684428     
   34.726091868353485        1.6739662424017032     
   34.832695348214557        1.6621703985730616     
   34.939298828152239        1.6504434312337373     
   35.045902308165815        1.6387845422372858     
   35.152505788254601        1.6271949266746730     
   35.259109268417873        1.6156769007907059     
   35.365712748654992        1.6042347479984234     
   35.472316228965241        1.5928722437078455     
   35.578919709347979        1.5815871904800685     
   35.685523189802531        1.5703710355451930     
   35.792126670328265        1.5592188043727007     
   35.898730150924507        1.5481342406804111     
   36.005333631590645        1.5371219227878206     
   36.111937112326032        1.5261771503981363     
   36.218540593130058        1.5152907836130136     
   36.325144074002118        1.5044624244253872     
   36.431747554941573        1.4936993657810289     
   36.538351035947855        1.4830044189475728     
   36.644954517020338        1.4723723122104679     
   36.751557998158475        1.4618015207424617     
   36.858161479361648        1.4513008848053426     
   36.964764960629303        1.4408788754492508     
   37.071368441960878        1.4305306940002833     
   37.177971923355791        1.4202408373053115     
   37.284575404813516        1.4099983438979722     
   37.391178886333492        1.3998042470661207     
   37.497782367915164        1.3896661430504127     
   37.604385849558028        1.3795892294158592     
   37.710989331261523        1.3695740892285473     
   37.817592813025129        1.3596201718349259     
   37.924196294848365        1.3497285562996684     
   38.030799776730674        1.3399029034386765     
   38.137403258671569        1.3301467489651018     
   38.244006740670550        1.3204604959371784     
   38.350610222727120        1.3108403131511779     
   38.457213704840797        1.3012796560828670     
   38.563817187011090        1.2917716123024454     
   38.670420669237522        1.2823112415926659     
   38.777024151519605        1.2728987508935228     
   38.883627633856882        1.2635396596714219     
   38.990231116248900        1.2542411176779935     
   39.096834598695189        1.2450046313516583     
   39.203438081195294        1.2358220498784018     
   39.310041563748769        1.2266815231306074     
   39.416645046355171        1.2175808941939417     
   39.523248529014069        1.2085355742169330     
   39.629852011725006        1.1995680676479505     
   39.736455494487572        1.1906883102612020     
   39.843058977301339        1.1818836712841083     
   39.949662460165889        1.1731280281373999     
   40.056265943080788        1.1643991244073859     
   40.162869426045653        1.1556910069048711     
   40.269472909060042        1.1470161956188074     
   40.376076392123579        1.1383963572327425     
   40.482679875235853        1.1298489319749703     
   40.589283358396472        1.1213782839507813     
   40.695886841605052        1.1129778451323091     
   40.802490324861189        1.1046373274340231     
   40.909093808164513        1.0963477320643036     
   41.015697291514634        1.0881032276881242     
   41.122300774911196        1.0799020588554844     
   41.228904258353808        1.0717466752529212     
   41.335507741842122        1.0636400206148819     
   41.442111225375754        1.0555832023520217     
   41.548714708954357        1.0475767324690941     
   41.655318192577560        1.0396225015241729     
   41.761921676245038        1.0317224724096874     
   41.868525159956420        1.0238763755441567     
   41.975128643711365        1.0160815336325650     
   42.081732127509532        1.0083341158478585     
   42.188335611350574        1.0006340265011551     
   42.294939095234170       0.99298747100465234     
   42.401542579159980       0.98540053610046341     
   42.508146063127690       0.97786930735332811     
   42.614749547136945       0.97038321229057167     
   42.721353031187441       0.96293815102842328     
   42.827956515278856       0.95553856440152907     
   42.934559999410872       0.94818704507988683     
   43.041163483583183       0.94087949804512050     
   43.147766967795462       0.93361483722021499     
   43.254370452047432       0.92640231903140791     
   43.360973936338766       0.91925390272922569     
   43.467577420669159       0.91216931322280503     
   43.574180905038325       0.90513319370048839     
   43.680784389445968       0.89812920656111406     
   43.787387873891795       0.89115432930589833     
   43.893991358375509       0.88421853247895232     
   44.000594842896838       0.87733315168335069     
   44.107198327455492       0.87050386066575025     
   44.213801812051173       0.86373129018642836     
   44.320405296683617       0.85701368030105107     
   44.427008781352548       0.85034720746048253     
   44.533612266057695       0.84372532111791465     
   44.640215750798781       0.83714003506780943     
   44.746819235575543       0.83058509765199295     
   44.853422720387705       0.82405974534865167     
   44.960026205235010       0.81756924365327799     
   45.066629690117203       0.81112231218942787     
   45.173233175034021       0.80472694118977994     
   45.279836659985193       0.79838931220682152     
   45.386440144970493       0.79211429707555037     
   45.493043629989650       0.78590084968402063     
   45.599647115042416       0.77973655833585787     
   45.706250600128548       0.77360236352001699     
   45.812854085247807       0.76748727264921268     
   45.919457570399942       0.76139575890024092     
   46.026061055584719       0.75533975166480050     
   46.132664540801890       0.74932667274056031     
   46.239268026051228       0.74335912936850890     
   46.345871511332504       0.73744251831530749     
   46.452474996645464       0.73158445735169841     
   46.559078481989907       0.72578505217912315     
   46.665681967365579       0.72003189116314992     
   46.772285452772280       0.71430820156943420     
   46.878888938209769       0.70860405267266169     
   46.985492423677833       0.70292038134955726     
   47.092095909176251       0.69726535687668811     
   47.198699394704789       0.69164851108224235     
   47.305302880263262       0.68607664191790851     
   47.411906365851429       0.68055259453381933     
   47.518509851469091       0.67507692355480087     
   47.625113337116041       0.66964856419594931     
   47.731716822792066       0.66426412821154879     
   47.838320308496954       0.65891800218817176     
   47.944923794230505       0.65360494056378937     
   48.051527279992513       0.64832242454144651     
   48.158130765782794       0.64307140628540083     
   48.264734251601119       0.63785626481614954     
   48.371337737447305       0.63268172725163152     
   48.477941223321174       0.62754796386026701     
   48.584544709222506       0.62244938689755880     
   48.691148195151108       0.61738016689846298     
   48.797751681106817       0.61233919678626325     
   48.904355167089406       0.60732971150794779     
   49.010958653098726       0.60235620104271859     
   49.117562139134556       0.59742221762259173     
   49.224165625196733       0.59252907539262378     
   49.330769111285065       0.58767375750548267     
   49.437372597399360       0.58284933577194953     
   49.543976083539469       0.57805037747300303     
   49.650579569705187       0.57327999536436325     
   49.757183055896341       0.56854900199094205     
   49.863786542112770       0.56386597325542520     
   49.970390028354281       0.55922785851144252     
   50.076993514620710       0.55462035571544399     
   50.183597000911881       0.55002865063190354     
   50.290200487227636       0.54544966434065734     
   50.396803973567785       0.54089546895865181     
   50.503407459932191       0.53638291299961349     
   50.610010946320664       0.53191894277709106     
   50.716614432733039       0.52749624850435239     
   50.823217919169174       0.52310275475361667     
   50.929821405628886       0.51873354227724111     
   51.036424892112031       0.51439435517468024     
   51.143028378618432       0.51009512662314782     
   51.249631865147947       0.50583849593517294     
   51.356235351700413       0.50161499816681154     
   51.462838838275658       0.49741014936240407     
   51.569442324873563       0.49321635302410438     
   51.676045811493957       0.48903831264206188     
   51.782649298136683       0.48488899895508336     
   51.889252784801592       0.48078007155549551     
   51.995856271488542       0.47671347211635534     
   52.102459758197377       0.47268166440591292     
   52.209063244927954       0.46867540479245373     
   52.315666731680125       0.46469057341496883     
   52.422270218453754       0.46072877104266957     
   52.528873705248685       0.45679608338427097     
   52.635477192064783       0.45290151438891452     
   52.742080678901907       0.44905154519149371     
   52.848684165759913       0.44524233132428198     
   52.955287652638660       0.44145851823037663     
   53.061891139538012       0.43768428440947510     
   53.168494626457836       0.43391715091322525     
   53.275098113397988       0.43016963367037186     
   53.381701600358348       0.42645624289617134     
   53.488305087338766       0.42278161300508044     
   53.594908574339115       0.41914174444554464     
   53.701512061359260       0.41553222778465382     
   53.808115548399073       0.41195121088787268     
   53.914719035458432       0.40839603233331001     
   54.021322522537190       0.40486157313685134     
   54.127926009635239       0.40134364168741476     
   54.234529496752444       0.39784419378310432     
   54.341132983888670       0.39437192752610944     
   54.447736471043797       0.39093691157584187     
   54.554339958217703       0.38754368061748479     
   54.660943445410254       0.38418830981526830     
   54.767546932621357       0.38086108841938893     
   54.874150419850864       0.37755202176763991     
   54.980753907098666       0.37425517672109482     
   55.087357394364624       0.37096916550558251     
   55.193960881648643       0.36769582562870085     
   55.300564368950603       0.36443941698610238     
   55.407167856270362       0.36120669545485468     
   55.513771343607836       0.35800598637313624     
   55.620374830962895       0.35484455545511279     
   55.726978318335419       0.35172540038922123     
   55.833581805725302       0.34864479899575251     
   55.940185293132423       0.34559290933212117     
   56.046788780556682       0.34255833200330355     
   56.153392267997951       0.33953475128997257     
   56.259995755456131       0.33652366736470674     
   56.366599242931123       0.33353044148202393     
   56.473202730422791       0.33055825032058933     
   56.579806217931058       0.32760665401341049     
   56.686409705455780       0.32467487110631343     
   56.793013192996874       0.32176440527210087     
   56.899616680554246       0.31887854217234346     
   57.006220168127761       0.31601983051822624     
   57.112823655717328       0.31318860007811233     
   57.219427143322847       0.31038328078055150     
   57.326030630944210       0.30760201500611245     
   57.432634118581319       0.30484403310623737     
   57.539237606234060       0.30210906277923522     
   57.645841093902348       0.29939534979151516     
   57.752444581586083       0.29669959933328577     
   57.859048069285144       0.29402096427600138     
   57.965651556999447       0.29136394444440322     
   58.072255044728905       0.28873475334594595     
   58.178858532473399       0.28613419319810052     
   58.285462020232842       0.28355556469364235     
   58.392065508007128       0.28098958119982076     
   58.498668995796187       0.27843139902073444     
   58.605272483599904       0.27588506392225171     
   58.711875971418188       0.27336166910768234     
   58.818479459250945       0.27087066720123676     
   58.925082947098083       0.26841102221969071     
   59.031686434959511       0.26597272477477862     
   59.138289922835128       0.26354766827563081     
   59.244893410724849       0.26113709771878768     
   59.351496898628589       0.25874739774191513     
   59.458100386546256       0.25638052682011025     
   59.564703874477750       0.25403093693036294     
   59.671307362422993       0.25169134082385053     
   59.777910850381893       0.24936065218435302     
   59.884514338354371       0.24704639871083331     
   59.991117826340314       0.24475961728189535     
   60.097721314339665       0.24250666750073560     
   60.204324802352325       0.24028526547781084     
   60.310928290378214       0.23808707099027071     
   60.417531778417228       0.23590318424256432     
   60.524135266469301       0.23372833458981843     
   60.630738754534363       0.23156186766641562     
   60.737342242612293       0.22940691622489814     
   60.843945730703034       0.22726879631314773     
   60.950549218806493       0.22515269120823533     
   61.057152706922608       0.22306091663456418     
   61.163756195051263       0.22099187142216742     
   61.270359683192410       0.21894153700708766     
   61.376963171345949       0.21690547869561821     
   61.483566659511816       0.21488014537942091     
   61.590170147689904       0.21286384460591570     
   61.696773635880170       0.21085809998550795     
   61.803377124082516       0.20886817483226922     
   61.909980612296856       0.20690065655394818     
   62.016584100523126       0.20495846369910808     
   62.123187588761255       0.20303833862449519     
   62.229791077011150       0.20113438065674677     
   62.336394565272741       0.19924360285204018     
   62.442998053545956       0.19736739452190236     
   62.549601541830725       0.19550831918909906     
   62.656205030126969       0.19366718504948832     
   62.762808518434596       0.19184289382655559     
   62.869412006753564       0.19003390894929559     
   62.976015495083772       0.18823966786010349     
   63.082618983425171       0.18646091696032593     
   63.189222471777661       0.18469840425097578     
   63.295825960141187       0.18295088087548786     
   63.402429448515690       0.18121548032953358     
   63.509032936901079       0.17949070416019541     
   63.615636425297289       0.17777849315322447     
   63.722239913704243       0.17608264972508000     
   63.828843402121883       0.17440562639597904     
   63.935446890550132       0.17274696787690366     
   64.042050378988932       0.17110422702744221     
   64.148653867438199       0.16947511963802098     
   64.255257355897868       0.16785876197011115     
   64.361860844367882       0.16625532044383851     
   64.468464332848171       0.16466470537016603     
   64.575067821338649       0.16308575536005612     
   64.681671309839274       0.16151695448709766     
   64.788274798349960       0.15995839454820565     
   64.894878286870650       0.15841329821092828     
   65.001481775401288       0.15688693018441921     
   65.108085263941788       0.15538284979992822     
   65.214688752492108       0.15389960548385462     
   65.321292241052149       0.15243122010851484     
   65.427895729621895       0.15097083562173777     
   65.534499218201233       0.14951473911025140     
   65.641102706790150       0.14806444209768360     
   65.747706195388531       0.14662563955391739     
   65.854309683996348       0.14520434212114441     
   65.960913172613530       0.14380247307588159     
   66.067516661240006       0.14241703077767148     
   66.174120149875719       0.14104383050393043     
   66.280723638520627       0.13968194629264843     
   66.387327127174643       0.13833410071951896     
   66.493930615837698       0.13700292384671736     
   66.600534104509777       0.13568734729363680     
   66.707137593190780       0.13438243534837566     
   66.813741081880664       0.13308226095765760     
   66.920344570579346       0.13178352426096007     
   67.026948059286809       0.13048791804446627     
   67.133551548002956       0.12920143846295962     
   67.240155036727742       0.12793118687300750     
   67.346758525461112       0.12668219063030872     
   67.453362014202995       0.12545556430762081     
   67.559965502953361       0.12424806143676333     
   67.666568991712126       0.12305343190886113     
   67.773172480479246       0.12186557940319065     
   67.879775969254652       0.12068165691587784     
   67.986379458038300       0.11950305984133573     
   68.092982946830134       0.11833378701837369     
   68.199586435630096       0.11717763950583049     
   68.306189924438115       0.11603610492421852     
   68.412793413254150       0.11490796398445369     
   68.519396902078142       0.11379042587171714     
   68.626000390910050       0.11268062251834102     
   68.732603879749789       0.11157732862747857     
   68.839207368597343       0.11048235274761856     
   68.945810857452628       0.10939963960922021     
   69.052414346315601       0.10833192168480750     
   69.159017835186205       0.10727831168838425     
   69.265621324064412       0.10623532643832942     
   69.372224812950108       0.10519982596898038     
   69.478828301843308       0.10417119335319416     
   69.585431790743911       0.10315136938484948     
   69.692035279651890       0.10214321966755639     
   69.798638768567201       0.10114864369247195     
   69.905242257489761       0.10016769398868786     
   70.011845746419553        9.9198569050360744E-002
   70.118449235356493        9.8237773684304044E-002
   70.225052724300554        9.7281259504669704E-002
   70.331656213251676        9.6327075232598119E-002
   70.438259702209791        9.5377105352349750E-002
   70.544863191174898        9.4435477702378395E-002
   70.651466680146882        9.3505790777283437E-002
   70.758070169125745        9.2590186844420816E-002
   70.864673658111414        9.1689561959777413E-002
   70.971277147103848        9.0803089338317364E-002
   71.077880636102989        8.9927817680463457E-002
   71.184484125108796        8.9060101829996907E-002
   71.291087614121210        8.8197789949148314E-002
   71.397691103140204        8.7340842728521634E-002
   71.504294592165706        8.6490164906597250E-002
   71.610898081197675        8.5646564369615874E-002
   71.717501570236067        8.4810973383817004E-002
   71.824105059280839        8.3984865515202664E-002
   71.930708548331936        8.3169730948573398E-002
   72.037312037389299        8.2365860195079008E-002
   72.143915526452901        8.1571737473735667E-002
   72.250519015522684        8.0784766996815333E-002
   72.357122504598607        8.0002650698586475E-002
   72.463725993680626        7.9224326870824313E-002
   72.570329482768685        7.8450387870940858E-002
   72.676932971862740        7.7683326897796709E-002
   72.783536460962750        7.6927053878826840E-002
   72.890139950068658        7.6184942610763737E-002
   72.996743439180435        7.5457172668618608E-002
   73.103346928298038        7.4740022582125296E-002
   73.209950417421410        7.4028117354758255E-002
   73.316553906550496        7.3317739099794055E-002
   73.423157395685266        7.2608984969788265E-002
   73.529760884825677        7.1904954204008109E-002
   73.636364373971674        7.1208821972660763E-002
   73.742967863123226        7.0522047293769652E-002
   73.849571352280265        6.9844503221822993E-002
   73.956174841442774        6.9175090667435962E-002
   74.062778330610698        6.8512796539345597E-002
   74.169381819783993        6.7858181464895931E-002
   74.275985308962618        6.7213364459841940E-002
   74.382588798146514        6.6579591139978578E-002
   74.489192287335669        6.5954984905884417E-002
   74.595795776530011        6.5335674019408846E-002
   74.702399265729525        6.4719107547022980E-002
   74.809002754934141        6.4105634414325971E-002
   74.915606244143817        6.3497311592893180E-002
   75.022209733358537        6.2896025648975576E-002
   75.128813222578245        6.2302490875829335E-002
   75.235416711802884        6.1716095571340376E-002
   75.342020201032440        6.1135511070988843E-002
   75.448623690266842        6.0559861300255882E-002
   75.555227179506062        5.9989526382234155E-002
   75.661830668750085        5.9425729440127216E-002
   75.768434157998811        5.8869211672209980E-002
   75.875037647252242        5.8319464724700988E-002
   75.981641136510333        5.7775541447942780E-002
   76.088244625773044        5.7237378312249801E-002
   76.194848115040315        5.6705589592882827E-002
   76.301451604312120        5.6180295782769257E-002
   76.408055093588416        5.5661124205333798E-002
   76.514658582869160        5.5148079534707267E-002
   76.621262072154323        5.4641569947482128E-002
   76.727865561443849        5.4141553577121637E-002
   76.834469050737709        5.3647238927930552E-002
   76.941072540035861        5.3157804316500835E-002
   77.047676029338263        5.2673053181672244E-002
   77.154279518644884        5.2193000755759500E-002
   77.260883007955670        5.1717038886166147E-002
   77.367486497270576        5.1244204694639688E-002
   77.474089986589590        5.0774442169327305E-002
   77.580693475912653        5.0309300512743217E-002
   77.687296965239739        4.9851331757633212E-002
   77.793900454570817        4.9402712634931088E-002
   77.900503943905804        4.8963839995984040E-002
   78.007107433244713        4.8532842352169279E-002
   78.113710922587472        4.8106730369351314E-002
   78.220314411934041        4.7683133445304164E-002
   78.326917901284418        4.7261011524127108E-002
   78.433521390638532        4.6840483987534438E-002
   78.540124879996355        4.6422794728900915E-002
   78.646728369357845        4.6010300092667329E-002
   78.753331858722973        4.5605295072537903E-002
   78.859935348091696        4.5207941249803804E-002
   78.966538837463972        4.4815854541597706E-002
   79.073142326839772        4.4426337440503179E-002
   79.179745816219068        4.4038695824346483E-002
   79.286349305601789        4.3654337277724942E-002
   79.392952794987934        4.3275136896121440E-002
   79.499556284377434        4.2901955091254503E-002
   79.606159773770273        4.2534472751268017E-002
   79.712763263166408        4.2171815056934049E-002
   79.819366752565813        4.1813060559634907E-002
   79.925970241968443        4.1457561035316649E-002
   80.032573731374256        4.1105199234888840E-002
   80.139177220783225        4.0756378748132149E-002
   80.245780710195291        4.0411707695044985E-002
   80.352384199610441        4.0071729271564681E-002
   80.458987689028646        3.9736798343694445E-002
   80.565591178449850        3.9406884374740915E-002
   80.672194667874024        3.9081388263408463E-002
   80.778798157301125        3.8759368092055192E-002
   80.885401646731125        3.8440123226491943E-002
   80.992005136163996        3.8123649696699978E-002
   81.098608625599695        3.7810727030640437E-002
   81.205212115038179        3.7502636823848114E-002
   81.311815604479420        3.7200592855594621E-002
   81.418419093923376        3.6904914369885196E-002
   81.525022583370031        3.6614327265535679E-002
   81.631626072819330        3.6326445333070390E-002
   81.738229562271229        3.6039308444328691E-002
   81.844833051725715        3.5752208295084756E-002
   81.951436541182744        3.5465540785322471E-002
   82.058040030642275        3.5180939056445211E-002
   82.164643520104292        3.4901026824702204E-002
   82.271247009568739        3.4627705336551275E-002
   82.377850499035588        3.4360547243906074E-002
   82.484453988504825        3.4097272243847010E-002
   82.591057477976378        3.3835777384893587E-002
   82.697660967450233        3.3575595311596443E-002
   82.804264456926347        3.3317553455161721E-002
   82.910867946404707        3.3062415015781568E-002
   83.017471435885255        3.2810219417164298E-002
   83.124074925367978        3.2560964435348311E-002
   83.230678414852804        3.2315523801478237E-002
   83.337281904339747        3.2075472513836037E-002
   83.443885393828737        3.1841847856841597E-002
   83.550488883319773        3.1614056892750743E-002
   83.657092372812784        3.1389941650448956E-002
   83.763695862307728        3.1166819380452435E-002
   83.870299351804618        3.0942619806737102E-002
   83.976902841303414        3.0716667782005835E-002
   84.083506330804042        3.0490054015660427E-002
   84.190109820306503        3.0265218359953404E-002
   84.296713309810755        3.0044693092044505E-002
   84.403316799316741        2.9829876853476336E-002
   84.509920288824460        2.9620747100117674E-002
   84.616523778333871        2.9416646429671990E-002
   84.723127267844930        2.9217151439203937E-002
   84.829730757357609        2.9021802791957148E-002
   84.936334246871866        2.8829182686998567E-002
   85.042937736387699        2.8637136187390791E-002
   85.149541225905040        2.8444371825112738E-002
   85.256144715423872        2.8251522712751890E-002
   85.362748204944140        2.8060445774657668E-002
   85.469351694465857        2.7872705678699244E-002
   85.575955183988938        2.7688696967330818E-002
   85.682558673513370        2.7507825273182403E-002
   85.789162163039123        2.7329290575844836E-002
   85.895765652566183        2.7152816807616408E-002
   86.002369142094480        2.6978835110330852E-002
   86.108972631624013        2.6808003270628093E-002
   86.215576121154726        2.6640446097942024E-002
   86.322179610686590        2.6475465776049725E-002
   86.428783100219590        2.6312116382771970E-002
   86.535386589753656        2.6149968771361661E-002
   86.641990079288803        2.5989106958532935E-002
   86.748593568824958        2.5829574903915145E-002
   86.855197058362123        2.5671207545152477E-002
   86.961800547900225        2.5513954480014738E-002
   87.068404037439265        2.5358265792286939E-002
   87.175007526979201        2.5205317856567270E-002
   87.281611016519975        2.5056570692843259E-002
   87.388214506061601        2.4912465662564085E-002
   87.494817995604009        2.4771561409895487E-002
   87.601421485147185        2.4631464045162862E-002
   87.708024974691099        2.4490772332971457E-002
   87.814628464235696        2.4349990512254775E-002
   87.921231953780961        2.4210697838913955E-002
   88.027835443326865        2.4074121888665923E-002
   88.134438932873366        2.3940465873746344E-002
   88.241042422420421        2.3809232449988695E-002
   88.347645911968030        2.3679911131926169E-002
   88.454249401516122        2.3552414072143903E-002
   88.560852891064698        2.3427039066408483E-002
   88.667456380613700        2.3304072430892147E-002
   88.774059870163128        2.3183380632634462E-002
   88.880663359712898        2.3064354467754261E-002
   88.987266849263037        2.2946286456209598E-002
   89.093870338813474        2.2828864390783722E-002
   89.200473828364181        2.2712340493936410E-002
   89.307077317915130        2.2597240339371827E-002
   89.413680807466292        2.2483943123303308E-002
   89.520284297017639        2.2372548018337230E-002
   89.626887786569114        2.2263013352345817E-002
   89.733491276120716        2.2155270718698050E-002
   89.840094765672390        2.2049192130962104E-002
   89.946698255224135        2.1944532557925667E-002
   90.053301744775865        2.1841057785914525E-002
   90.159905234327610        2.1738899692808660E-002
   90.266508723879269        2.1638682298583040E-002
   90.373112213430886        2.1540910694945084E-002
   90.479715702982361        2.1445171613415137E-002
   90.586319192533708        2.1350319443163426E-002
   90.692922682084870        2.1255678261000915E-002
   90.799526171635819        2.1161951086703597E-002
   90.906129661186526        2.1070791248887895E-002
   91.012733150736963        2.0983384002705521E-002
   91.119336640287102        2.0899325920644741E-002
   91.225940129836872        2.0816769228475546E-002
   91.332543619386286        2.0733655747463955E-002
   91.439147108935302        2.0648966577083417E-002
   91.545750598483878        2.0563065248330188E-002
   91.652354088031970        2.0477174390903997E-002
   91.758957577579579        2.0392687792273434E-002
   91.865561067126634        2.0310761393613926E-002
   91.972164556673135        2.0232070694125411E-002
   92.078768046219039        2.0156614770462357E-002
   92.185371535764304        2.0083744633210478E-002
   92.291975025308901        2.0012531736509732E-002
   92.398578514852815        1.9942235911234105E-002
   92.505182004395991        1.9872492807993775E-002
   92.611785493938399        1.9803159569571266E-002
   92.718388983480025        1.9734183553342735E-002
   92.824992473020799        1.9665700958161569E-002
   92.931595962560735        1.9598060284738879E-002
   93.038199452099775        1.9531552082007696E-002
   93.144802941637877        1.9466153616115214E-002
   93.251406431175042        1.9401612332064652E-002
   93.358009920711197        1.9337808406358462E-002
   93.464613410246329        1.9275099765271645E-002
   93.571216899780410        1.9214255402343228E-002
   93.677820389313410        1.9155857444983521E-002
   93.784423878845274        1.9099712977525961E-002
   93.891027368375987        1.9044918617684814E-002
   93.997630857905520        1.8990518430387016E-002
   94.104234347433817        1.8936108707542795E-002
   94.210837836960877        1.8881856446383339E-002
   94.317441326486630        1.8828085888222806E-002
   94.424044816011062        1.8775082213839861E-002
   94.530648305534143        1.8723300294744991E-002
   94.637251795055860        1.8673400897467714E-002
   94.743855284576128        1.8625770531226073E-002
   94.850458774094960        1.8580074940213340E-002
   94.957062263612301        1.8535462352114836E-002
   95.063665753128120        1.8491178204206895E-002
   95.170269242642377        1.8446952665273034E-002
   95.276872732155070        1.8402939341619417E-002
   95.383476221666129        1.8359399596291556E-002
   95.490079711175540        1.8316409658079690E-002
   95.596683200683245        1.8273768694189868E-002
   95.703286690189245        1.8231110641639701E-002
   95.809890179693497        1.8188157590143101E-002
   95.916493669195958        1.8145086199823444E-002
   96.023097158696586        1.8102865664370416E-002
   96.129700648195382        1.8063152044834122E-002
   96.236304137692258        1.8027413138498913E-002
   96.342907627187216        1.7995693077993851E-002
   96.449511116680227        1.7966132676692281E-002
   96.556114606171263        1.7935980518557517E-002
   96.662718095660253        1.7903454979989627E-002
   96.769321585147196        1.7868911445600544E-002
   96.875925074632022        1.7834320212907546E-002
   96.982528564114730        1.7801567816000872E-002
   97.089132053595293        1.7771175275868717E-002
   97.195735543073653        1.7742488451815325E-002
   97.302339032549767        1.7714733148178272E-002
   97.408942522023622        1.7687593734046748E-002
   97.515546011495175        1.7661019010159460E-002
   97.622149500964412        1.7635044677704197E-002
   97.728752990431261        1.7609952246810719E-002
   97.835356479895708        1.7586198969649351E-002
   97.941959969357725        1.7563947638512583E-002
   98.048563458817256        1.7542828542427703E-002
   98.155166948274285        1.7522274930496917E-002
   98.261770437728771        1.7502053180646390E-002
   98.368373927180670        1.7482448760097483E-002
   98.474977416629969        1.7463924669773739E-002
   98.581580906076624        1.7446640450565484E-002
   98.688184395520580        1.7430342423427687E-002
   98.794787884961821        1.7414634034812890E-002
   98.901391374400305        1.7399331193190079E-002
   99.007994863836004        1.7384623986724707E-002
   99.114598353268875        1.7370892608470336E-002
   99.221201842698875        1.7358352074749717E-002
   99.327805332125976        1.7346837360054754E-002
   99.434408821550150        1.7335840681050457E-002
   99.541012310971354        1.7324765181606954E-002
   99.647615800389559        1.7313269041044761E-002
   99.754219289804709        1.7301503171544864E-002
   99.860822779216775        1.7290106254888030E-002
   99.967426268625744        1.7279959740060705E-002
   100.07402975803156        1.7271815148047476E-002
   100.18063324743419        1.7265955506862034E-002
   100.28723673683359        1.7262052255526746E-002
   100.39384022622971        1.7259312424573823E-002
   100.50044371562257        1.7256862476368713E-002
   100.60704720501207        1.7254171526701639E-002
   100.71365069439821        1.7251248169398211E-002
   100.82025418378093        1.7248460132964247E-002
   100.92685767316023        1.7246158204059690E-002
   101.03346116253603        1.7244475648568604E-002
   101.14006465190830        1.7243402308123931E-002
   101.24666814127703        1.7242890738706346E-002
   101.35327163064215        1.7242867237098822E-002
   101.45987512000364        1.7243271521114292E-002
   101.56647860936147        1.7244169916162486E-002
   101.67308209871558        1.7245834999355638E-002
   101.77968558806596        1.7248708118366679E-002
   101.88628907741253        1.7253194933327640E-002
   101.99289256675529        1.7259355223569976E-002
   102.09949605609420        1.7266773302738906E-002
   102.20609954542918        1.7274809550929297E-002
   102.31270303476026        1.7282969242111527E-002
   102.41930652408735        1.7291015779592491E-002
   102.52591001341041        1.7298889497601323E-002
   102.63251350272942        1.7306722695469290E-002
   102.73911699204433        1.7314969024540220E-002
   102.84572048135512        1.7324402566044679E-002
   102.95232397066174        1.7335771838440994E-002
   103.05892745996414        1.7349178679647966E-002
   103.16553094926229        1.7363702996168337E-002
   103.27213443855615        1.7377870944129001E-002
   103.37873792784568        1.7390766017182389E-002
   103.48534141713084        1.7402741769018199E-002
   103.59194490641158        1.7415057395176445E-002
   103.69854839568788        1.7428895118887153E-002
   103.80515188495968        1.7444662534561332E-002
   103.91175537422696        1.7461987518299429E-002
   104.01835886348967        1.7480214879028667E-002
   104.12496235274776        1.7498942131627393E-002
   104.23156584200119        1.7518223929976252E-002
   104.33816933124992        1.7538445331990799E-002
   104.44477282049394        1.7560056532751136E-002
   104.55137630973316        1.7583292310918316E-002
   104.65797979896756        1.7607995248131791E-002
   104.76458328819712        1.7633610273785166E-002
   104.87118677742176        1.7659303238928337E-002
   104.97779026664146        1.7684191735141602E-002
   105.08439375585618        1.7707715908601023E-002
   105.19099724506586        1.7730044753524105E-002
   105.29760073427047        1.7752262623000344E-002
   105.40420422346999        1.7776056973376194E-002
   105.51080771266433        1.7802807033921106E-002
   105.61741120185349        1.7832562678660655E-002
   105.72401469103738        1.7863990612830734E-002
   105.83061818021601        1.7895650948348427E-002
   105.93722166938930        1.7927269115334720E-002
   106.04382515855723        1.7959474515583166E-002
   106.15042864771974        1.7992459428147131E-002
   106.25703213687677        1.8025460088482204E-002
   106.36363562602833        1.8057763358345965E-002
   106.47023911517432        1.8089767780351415E-002
   106.57684260431473        1.8122626798322366E-002
   106.68344609344950        1.8157076676523821E-002
   106.79004958257859        1.8192989272044997E-002
   106.89665307170196        1.8229911907980737E-002
   107.00325656081957        1.8267683566898122E-002
   107.10986004993133        1.8306456785560723E-002
   107.21646353903725        1.8346328990344121E-002
   107.32306702813726        1.8387183079700695E-002
   107.42967051723132        1.8428818742655360E-002
   107.53627400631937        1.8471003223130545E-002
   107.64287749540139        1.8513403003521344E-002
   107.74948098447732        1.8555671508365984E-002
   107.85608447354710        1.8597692830666510E-002
   107.96268796261070        1.8639713018747273E-002
   108.06929145166806        1.8682278877793290E-002
   108.17589494071916        1.8726085500669395E-002
   108.28249842976393        1.8771715050741239E-002
   108.38910191880233        1.8819273123479221E-002
   108.49570540783429        1.8868210770232142E-002
   108.60230889685980        1.8917639849122741E-002
   108.70891238587879        1.8967006274182113E-002
   108.81551587489120        1.9016578369069368E-002
   108.92211936389701        1.9067291569063980E-002
   109.02872285289615        1.9120001277933341E-002
   109.13532634188859        1.9174772779173385E-002
   109.24192983087426        1.9230865755216972E-002
   109.34853331985310        1.9287271107722770E-002
   109.45513680882510        1.9343095514166169E-002
   109.56174029779021        1.9397642707745077E-002
   109.66834378674832        1.9450656789860892E-002
   109.77494727569945        1.9502715673836130E-002
   109.88155076464351        1.9555086727171152E-002
   109.98815425358045        1.9608943732174058E-002
   110.09475774251024        1.9664827578834608E-002
   110.20136123143280        1.9722784867840546E-002
   110.30796472034811        1.9782669847807376E-002
   110.41456820925609        1.9844257236461247E-002
   110.52117169815669        1.9907326933913970E-002
   110.62777518704989        1.9971717461921609E-002
   110.73437867593559        2.0037155805732676E-002
   110.84098216481379        2.0103058423184446E-002
   110.94758565368440        2.0168660275905054E-002
   111.05418914254737        2.0233416875430094E-002
   111.16079263140266        2.0297330846436170E-002
   111.26739612025020        2.0360975581223961E-002
   111.37399960908995        2.0425297768029420E-002
   111.48060309792186        2.0491403515238437E-002
   111.58720658674585        2.0560223628405917E-002
   111.69381007556188        2.0631875082364633E-002
   111.80041356436990        2.0705221957160996E-002
   111.90701705316987        2.0778413621576983E-002
   112.01362054196170        2.0850161757936223E-002
   112.12022403074535        2.0920557381700611E-002
   112.22682751952075        2.0990698550761935E-002
   112.33343100828787        2.1061686362833298E-002
   112.44003449704664        2.1134032208788293E-002
   112.54663798579701        2.1207670091866283E-002
   112.65324147453889        2.1282085645116331E-002
   112.75984496327226        2.1356550896519513E-002
   112.86644845199704        2.1430670059231150E-002
   112.97305194071319        2.1504791713429054E-002
   113.07965542942065        2.1579702074455604E-002
   113.18625891811934        2.1655876718308816E-002
   113.29286240680922        2.1733144848841295E-002
   113.39946589549022        2.1810970423980849E-002
   113.50606938416230        2.1888896249357425E-002
   113.61267287282536        2.1966943169307081E-002
   113.71927636147937        2.2045754399708482E-002
   113.82587985012427        2.2126108014511106E-002
   113.93248333875999        2.2208186909784152E-002
   114.03908682738648        2.2291470969315708E-002
   114.14569031600365        2.2375215651339517E-002
   114.25229380461147        2.2458898336474999E-002
   114.35889729320986        2.2542503646897111E-002
   114.46550078179877        2.2626676609042627E-002
   114.57210427037811        2.2712429601916738E-002
   114.67870775894784        2.2800349720752837E-002
   114.78531124750791        2.2889971496163120E-002
   114.89191473605823        2.2979947453899689E-002
   114.99851822459873        2.3068944743366553E-002
   115.10512171312935        2.3156673379240350E-002
   115.21172520165005        2.3244208707612162E-002
   115.31832869016073        2.3333116339599363E-002
   115.42493217866135        2.3424128981799842E-002
   115.53153566715183        2.3516802667816441E-002
   115.63813915563213        2.3610384387214720E-002
   115.74474264410215        2.3704711813432314E-002
   115.85134613256180        2.3800299470420859E-002
   115.95794962101108        2.3897873875604696E-002
   116.06455310944988        2.3997825761014276E-002
   116.17115659787811        2.4099849971695765E-002
   116.27776008629577        2.4203149183304646E-002
   116.38436357470273        2.4307202466029156E-002
   116.49096706309894        2.4412296464678344E-002
   116.59757055148432        2.4519087033152240E-002
   116.70417403985883        2.4627692750961088E-002
   116.81077752822236        2.4737542748751708E-002
   116.91738101657484        2.4848265205559706E-002
   117.02398450491624        2.4960664998350396E-002
   117.13058799324644        2.5076814700991528E-002
   117.23719148156542        2.5199080113390313E-002
   117.34379496987304        2.5328663076432778E-002
   117.45039845816927        2.5464819414741834E-002
   117.55700194645405        2.5605650797511863E-002
   117.66360543472726        2.5749833790691040E-002
   117.77020892298886        2.5897577288511942E-002
   117.87681241123876        2.6050072166815208E-002
   117.98341589947688        2.6208331521755956E-002
   118.09001938770317        2.6372566500855885E-002
   118.19662287591751        2.6542303606225965E-002
   118.30322636411985        2.6716834330724595E-002
   118.40982985231011        2.6895786001787502E-002
   118.51643334048821        2.7079770847224526E-002
   118.62303682865405        2.7270609628954147E-002
   118.72964031680759        2.7470565815696277E-002
   118.83624380494874        2.7681066471579179E-002
   118.94284729307739        2.7902095066034742E-002
   119.04945078119350        2.8132691406279293E-002
   119.15605426929697        2.8371953745218441E-002
   119.26265775738771        2.8619847805345319E-002
   119.36926124546565        2.8877528113780419E-002
   119.47586473353070        2.9147050212795969E-002
   119.58246822158279        2.9430465066004718E-002
   119.68907170962180        2.9728575365792327E-002
   119.79567519764768        3.0040054379942987E-002
   119.90227868566033        3.0361871974640582E-002
   120.00888217365969        3.0691313295128610E-002
   120.11548566164565        3.1028340078788876E-002
   120.22208914961811        3.1376228249897303E-002
   120.32869263757701        3.1739537761002641E-002
   120.43529612552226        3.2120746734571874E-002
   120.54189961345375        3.2518471729717044E-002
   120.64850310137142        3.2929353649209923E-002
   120.75510658927516        3.3351898300430470E-002
   120.86171007716487        3.3787759789478546E-002
   120.96831356504050        3.4239050087875034E-002
   121.07491705290191        3.4705475002610085E-002
   121.18152054074905        3.5184744799479521E-002
   121.28812402858181        3.5674970729434645E-002
   121.39472751640010        3.6175928893728879E-002
   121.50133100420382        3.6688505576885889E-002
   121.60793449199286        3.7213580168428587E-002
   121.71453797976716        3.7751155680333784E-002
   121.82114146752662        3.8300174027684375E-002
   121.92774495527111        3.8859269678509091E-002
   122.03434844300057        3.9427519201451426E-002
   122.14095193071486        4.0004042417663366E-002
   122.24755541841394        4.0587186823755908E-002
   122.35415890609767        4.1174843372695329E-002
   122.46076239376595        4.1765652000391305E-002
   122.56736588141870        4.2359475099208989E-002
   122.67396936905578        4.2956532187729206E-002
   122.78057285667715        4.3556091340501202E-002
   122.88717634428266        4.4155959971535867E-002
   122.99377983187226        4.4753344433716175E-002
   123.10038331944577        4.5346345615148671E-002
   123.20698680700312        4.5934483958214166E-002
   123.31359029454423        4.6517661606946419E-002
   123.42019378206896        4.7094905828488971E-002
   123.52679726957720        4.7664475974134216E-002
   123.63340075706888        4.8225144554539384E-002
   123.74000424454387        4.8776858423376590E-002
   123.84660773200204        4.9319764551745950E-002
   123.95321121944333        4.9852605412892534E-002
   124.05981470686758        5.0372085474697181E-002
   124.16641819427471        5.0873658141385524E-002
   124.27302168166459        5.1353177226369937E-002
   124.37962516903711        5.1808581424546626E-002
   124.48622865639217        5.2240504031157250E-002
   124.59283214372964        5.2650912332815249E-002
   124.69943563104941        5.3040693727340611E-002
   124.80603911835138        5.3408518869710903E-002
   124.91264260563537        5.3752023650739354E-002
   125.01924609290134        5.4069843597726083E-002
   125.12584958014915        5.4362402424383484E-002
   125.23245306737866        5.4630908038605021E-002
   125.33905655458976        5.4875571145885108E-002
   125.44566004178230        5.5094662815934940E-002
   125.55226352895622        5.5285305525788864E-002
   125.65886701611133        5.5445050248408213E-002
   125.76547050324756        5.5572711538859530E-002
   125.87207399036477        5.5668490689658116E-002
   125.97867747746282        5.5734134278018821E-002
   126.08528096454155        5.5772835598016463E-002
   126.19188445160094        5.5787953466422208E-002
   126.29848793864075        5.5780528824125597E-002
   126.40509142566088        5.5747627734620511E-002
   126.51169491266123        5.5684319912991283E-002
   126.61829839964166        5.5588551942344494E-002
   126.72490188660200        5.5463781346922966E-002
   126.83150537354217        5.5316005553415398E-002
   126.93810886046199        5.5148713451014381E-002
   127.04471234736134        5.4961574032329902E-002
   127.15131583424009        5.4753158781860226E-002
   127.25791932109810        5.4523124227559047E-002
   127.36452280793522        5.4271670815245997E-002
   127.47112629475133        5.3998606036159288E-002
   127.57772978154625        5.3704149797737431E-002
   127.68433326831986        5.3390064736106260E-002
   127.79093675507205        5.3059006344223766E-002
   127.89754024180264        5.2713047974388604E-002
   128.00414372851148        5.2353316718468629E-002
   128.11074721519842        5.1980777552530381E-002
   128.21735070186332        5.1597342769263088E-002
   128.32395418850604        5.1206446512282365E-002
   128.43055767512644        5.0812100237627868E-002
   128.53716116172436        5.0416941131395165E-002
   128.64376464829959        5.0020870481222141E-002
   128.75036813485207        4.9621192125065258E-002
   128.85697162138160        4.9214547345020496E-002
   128.96357510788798        4.8800286354237131E-002
   129.07017859437113        4.8382137122170994E-002
   129.17678208083083        4.7965179952200038E-002
   129.28338556726698        4.7551524656316201E-002
   129.38998905367933        4.7140462431077293E-002
   129.49659254006784        4.6732208828213016E-002
   129.60319602643222        4.6329976644782778E-002
   129.70979951277238        4.5938367927520075E-002
   129.81640299908813        4.5560024232533775E-002
   129.92300648537929        4.5193686663361723E-002
   130.02960997164573        4.4835826281515966E-002
   130.13621345788724        4.4484810644465571E-002
   130.24281694410368        4.4143392681023332E-002
   130.34942043029480        4.3817067529927547E-002
   130.45602391646051        4.3510600723965419E-002
   130.56262740260064        4.3226199732404755E-002
   130.66923088871494        4.2964029745827588E-002
   130.77583437480328        4.2723735775409041E-002
   130.88243786086545        4.2505652904936825E-002
   130.98904134690127        4.2311088963163268E-002
   131.09564483291061        4.2141835239233455E-002
   131.20224831889320        4.1999656676479064E-002
   131.30885180484890        4.1886221391275284E-002
   131.41545529077749        4.1803122821871097E-002
   131.52205877667885        4.1751781187033481E-002
   131.62866226255272        4.1733406308732061E-002
   131.73526574839889        4.1749233705027977E-002
   131.84186923421723        4.1801049817180032E-002
   131.94847272000749        4.1891504319721551E-002
   132.05507620576950        4.2023662224328427E-002
   132.16167969150305        4.2200420449619927E-002
   132.26828317720793        4.2424626338266241E-002
   132.37488666288397        4.2699460119460644E-002
   132.48149014853092        4.3028323695355683E-002
   132.58809363414858        4.3414435014351598E-002
   132.69469711973676        4.3860770889731789E-002
   132.80130060529521        4.4370441061734815E-002
   132.90790409082376        4.4946906454943987E-002
   133.01450757632219        4.5593551144544421E-002
   133.12111106179023        4.6312917738742979E-002
   133.22771454722772        4.7106598200388691E-002
   133.33431803263443        4.7976484821421014E-002
   133.44092151801010        4.8926297100111989E-002
   133.54752500335454        4.9961542230814747E-002
   133.65412848866751        5.1088296366558907E-002
   133.76073197394879        5.2312918600207099E-002
   133.86733545919813        5.3642865517705446E-002
   133.97393894441529        5.5086653159786274E-002
   134.08054242960009        5.6652274628739369E-002
   134.18714591475219        5.8345741575087547E-002
   134.29374939987144        6.0171298122718153E-002
   134.40035288495758        6.2133001128581923E-002
   134.50695637001036        6.4236313279133261E-002
   134.61355985502951        6.6488606924470756E-002
   134.72016334001481        6.8898308668413122E-002
   134.82676682496597        7.1473634759046112E-002
   134.93337030988280        7.4222406094462137E-002
   135.03997379476499        7.7152819116799651E-002
   135.14657727961230        8.0273232192469082E-002
   135.25318076442449        8.3590557368202367E-002
   135.35978424920123        8.7110029209296086E-002
   135.46638773394233        9.0837997584022986E-002
   135.57299121864747        9.4784270637489579E-002
   135.67959470331638        9.8960101920013671E-002
   135.78619818794883       0.10337431040548041     
   135.89280167254452       0.10803286562382410     
   135.99940515710318       0.11294168504722202     
   136.10600864162450       0.11810772680339238     
   136.21261212610821       0.12353686002571128     
   136.31921561055404       0.12923196797650399     
   136.42581909496170       0.13519351542577571     
   136.53242257933084       0.14142102384933761     
   136.63902606366125       0.14791423914011809     
   136.74562954795257       0.15467423880132727     
   136.85223303220457       0.16170298162223651     
   136.95883651641682       0.16899949373295237     
   137.06544000058915       0.17655530365135544     
   137.17204348472114       0.18435402173865126     
   137.27864696881255       0.19237547036453370     
   137.38525045286306       0.20059997948199670     
   137.49185393687233       0.20900936015081678     
   137.59845742084002       0.21758500896088029     
   137.70506090476584       0.22630547044699745     
   137.81166438864943       0.23514449929428760     
   137.91826787249047       0.24406972154649148     
   138.02487135628866       0.25304294688920909     
   138.13147484004358       0.26202260384758869     
   138.23807832375499       0.27096596231751430     
   138.34468180742243       0.27982890627210000     
   138.45128529104565       0.28856403937119401     
   138.55788877462425       0.29711925576652143     
   138.66449225815788       0.30543827560013487     
   138.77109574164618       0.31346324581780344     
   138.87769922508883       0.32113751770093873     
   138.98430270848536       0.32840633517328671     
   139.09090619183550       0.33521550138106121     
   139.19750967513883       0.34151040026393015     
   139.30411315839496       0.34723758463266219     
   139.41071664160353       0.35234778697442776     
   139.51732012476415       0.35679672540889973     
   139.62392360787643       0.36054353772130171     
   139.73052709093994       0.36355135092695179     
   139.83713057395434       0.36579113610807074     
   139.94373405691920       0.36724367486414128     
   140.05033753983412       0.36789668377272905     
   140.15694102269867       0.36774176856592738     
   140.26354450551241       0.36677717663847603     
   140.37014798827499       0.36501476516122228     
   140.47675147098593       0.36248255342029123     
   140.58335495364483       0.35921841065247434     
   140.68995843625123       0.35526175854783570     
   140.79656191880471       0.35065237621904144     
   140.90316540130482       0.34543570936192081     
   141.00976888375112       0.33966730666570594     
   141.11637236614311       0.33341238507299109     
   141.22297584848042       0.32674196100437930     
   141.32957933076250       0.31972868890004047     
   141.43618281298890       0.31244473363552738     
   141.54278629515920       0.30496155503592420     
   141.64938977727289       0.29734913692033604     
   141.75599325932944       0.28967385621783431     
   141.86259674132845       0.28199769852798939     
   141.96920022326933       0.27438010781037059     
   142.07580370515163       0.26687927242329068     
   142.18240718697487       0.25955005298706835     
   142.28901066873851       0.25244035846877927     
   142.39561415044199       0.24558903901410667     
   142.50221763208484       0.23902627240955196     
   142.60882111366652       0.23277629603633937     
   142.71542459518648       0.22686071712145536     
   142.82202807664422       0.22129830715465415     
   142.92863155803914       0.21610051276843065     
   143.03523503937072       0.21126858760281364     
   143.14183852063834       0.20679647286528213     
   143.24844200184154       0.20267519123692471     
   143.35504548297965       0.19889367944822173     
   143.46164896405216       0.19543789693165126     
   143.56825244505845       0.19229243731237955     
   143.67485592599789       0.18944303473310389     
   143.78145940686994       0.18687496651584057     
   143.88806288767398       0.18456893702713378     
   143.99466636840936       0.18250088153730343     
   144.10126984907552       0.18064632188887786     
   144.20787332967174       0.17898446251259303     
   144.31447681019748       0.17749915155985269     
   144.42108029065204       0.17617648477846315     
   144.52768377103476       0.17500066348237142     
   144.63428725134500       0.17395165491549941     
   144.74089073158214       0.17300729202757512     
   144.84749421174541       0.17214803018588906     
   144.95409769183419       0.17135993150714993     
   145.06070117184777       0.17063417848930351     
   145.16730465178546       0.16996525376492991     
   145.27390813164652       0.16934898286096617     
   145.38051161143025       0.16877985346558577     
   145.48711509113593       0.16824926108866287     
   145.59371857076283       0.16774683780604280     
   145.70032205031018       0.16726312366184357     
   145.80692552977726       0.16679039215836478     
   145.91352900916328       0.16632167505133028     
   146.02013248846745       0.16585065716338046     
   146.12673596768903       0.16537389864583671     
   146.23333944682722       0.16489270094429129     
   146.33994292588119       0.16441111231857441     
   146.44654640485012       0.16393139365638598     
   146.55314988373323       0.16345143337016038     
   146.65975336252967       0.16296588956422448     
   146.76635684123858       0.16246944094580487     
   146.87296031985912       0.16195961094838054     
   146.97956379839042       0.16143750429295636     
   147.08616727683162       0.16090643492545781     
   147.19277075518178       0.16036999926465359     
   147.29937423344006       0.15983101925051463     
   147.40597771160549       0.15929105247495440     
   147.51258118967721       0.15874984154876212     
   147.61918466765422       0.15820559212670895     
   147.72578814553566       0.15765675246584421     
   147.83239162332046       0.15710377573226000     
   147.93899510100769       0.15654887033334888     
   148.04559857859641       0.15599394769688710     
   148.15220205608557       0.15543910067306280     
   148.25880553347417       0.15488281505105667     
   148.36540901076120       0.15432291452136870     
   148.47201248794556       0.15375747849242133     
   148.57861596502627       0.15318586295709624     
   148.68521944200222       0.15260922329366361     
   148.79182291887233       0.15203006131550734     
   148.89842639563551       0.15145139070835012     
   149.00502987229066       0.15087583147305003     
   149.11163334883662       0.15030459319032885     
   149.21823682527227       0.14973708398873353     
   149.32484030159642       0.14917159753999731     
   149.43144377780794       0.14860663344736527     
   149.53804725390560       0.14804247433544834     
   149.64465072988821       0.14748217071785033     
   149.75125420575452       0.14692999008141083     
   149.85785768150333       0.14638733410905633     
   149.96446115713334       0.14585004480051847     
   150.07106463264324       0.14531059162842339     
   150.17766810803184       0.14476352824952177     
   150.28427158329774       0.14420907057338397     
   150.39087505843960       0.14365194361535866     
   150.49747853345610       0.14309768940010292     
   150.60408200834587       0.14254994407552377     
   150.71068548310745       0.14200966619351024     
   150.81728895773955       0.14147578741330158     
   150.92389243224062       0.14094652199646546     
   151.03049590660925       0.14042005629728563     
   151.13709938084395       0.13989443880330177     
   151.24370285494325       0.13936867747483275     
   151.35030632890559       0.13884507084691555     
   151.45690980272946       0.13832868703973966     
   151.56351327641329       0.13782263864614563     
   151.67011674995547       0.13732505311839976     
   151.77672022335435       0.13683207659634306     
   151.88332369660836       0.13634191285432132     
   151.98992716971586       0.13585385988122867     
   152.09653064267505       0.13536543489112277     
   152.20313411548429       0.13487371128325448     
   152.30973758814181       0.13437930539488169     
   152.41634106064583       0.13388677257635687     
   152.52294453299464       0.13340043867559598     
   152.62954800518634       0.13292089715999431     
   152.73615147721907       0.13244593757821316     
   152.84275494909096       0.13197373084663799     
   152.94935842080011       0.13150393326002011     
   153.05596189234458       0.13103637138527308     
   153.16256536372242       0.13057040357729527     
   153.26916883493155       0.13010575107862751     
   153.37577230597006       0.12964293439375968     
   153.48237577683574       0.12918278978618586     
   153.58897924752659       0.12872574816318202     
   153.69558271804041       0.12827147874252587     
   153.80218618837509       0.12781949848542640     
   153.90878965852838       0.12737022742040627     
   154.01539312849806       0.12692520395710574     
   154.12199659828184       0.12648639022584704     
   154.22860006787741       0.12605508757699477     
   154.33520353728238       0.12563081684543800     
   154.44180700649443       0.12521121302683880     
   154.54841047551108       0.12479338649397000     
   154.65501394432985       0.12437520835048614     
   154.76161741294820       0.12395534693132682     
   154.86822088136367       0.12353303572480145     
   154.97482434957351       0.12310857520459123     
   155.08142781757522       0.12268403061068875     
   155.18803128536601       0.12226308266132528     
   155.29463475294313       0.12184947522044731     
   155.40123822030387       0.12144478235089637     
   155.50784168744536       0.12104768541665019     
   155.61444515436472       0.12065570303219503     
   155.72104862105897       0.12026708334402374     
   155.82765208752519       0.11988057372372320     
   155.93425555376029       0.11949438723016824     
   156.04085901976123       0.11910697068258601     
   156.14746248552481       0.11871904443592583     
   156.25406595104783       0.11833369106798866     
   156.36066941632703       0.11795338399072687     
   156.46727288135907       0.11757731944839209     
   156.57387634614062       0.11720250298943494     
   156.68047981066817       0.11682705032638493     
   156.78708327493831       0.11645176537778268     
   156.89368673894737       0.11607927175457286     
   157.00029020269173       0.11571233232393933     
   157.10689366616768       0.11535175085374719     
   157.21349712937152       0.11499461687553195     
   157.32010059229927       0.11463572193967192     
   157.42670405494712       0.11427213465938235     
   157.53330751731104       0.11390588944925423     
   157.63991097938697       0.11354206409245646     
   157.74651444117075       0.11318550017930173     
   157.85311790265811       0.11283914197742206     
   157.95972136384481       0.11250333731354475     
   158.06632482472645       0.11217532156373496     
   158.17292828529850       0.11184982243301736     
   158.27953174555643       0.11152165546176707     
   158.38613520549558       0.11118900315383068     
   158.49273866511115       0.11085464132998937     
   158.59934212439839       0.11052394041334135     
   158.70594558335230       0.11020115865118768     
   158.81254904196786       0.10988684083404078     
   158.91915250023990       0.10957783854286629     
   159.02575595816319       0.10926922154157515     
   159.13235941573237       0.10895689363969813     
   159.23896287294198       0.10864030111303598     
   159.34556632978649       0.10832369639126113     
   159.45216978626010       0.10801397302844926     
   159.55877324235709       0.10771616519877611     
   159.66537669807150       0.10743027027133591     
   159.77198015339727       0.10715113612873529     
   159.87858360832820       0.10687073828417765     
   159.98518706285802       0.10658229513787375     
   160.09179051698021       0.10628478303770414     
   160.19839397068824       0.10598419395214635     
   160.30499742397532       0.10568955404049128     
   160.41160087683463       0.10540660837353059     
   160.51820432925905       0.10513458236139443     
   160.62480778124146       0.10486862980259766     
   160.73141123277452       0.10460461103665437     
   160.83801468385070       0.10434129302250435     
   160.94461813446230       0.10407924480192121     
   161.05122158460154       0.10381871743669459     
   161.15782503426033       0.10355857629357779     
   161.26442848343046       0.10329726956438652     
   161.37103193210356       0.10303506390928716     
   161.47763538027104       0.10277491016932178     
   161.58423882792408       0.10252054790621924     
   161.69084227505368       0.10227389399452892     
   161.79744572165072       0.10203387092385338     
   161.90404916770567       0.10179668145125513     
   162.01065261320895       0.10155766141509154     
   162.11725605815067       0.10131431608072657     
   162.22385950252070       0.10106765966613057     
   162.33046294630870       0.10082057150155752     
   162.43706638950408       0.10057632019338417     
   162.54366983209593       0.10033922317475670     
   162.65027327407316       0.10011445925687572     
   162.75687671542431        9.9905008954779259E-002
   162.86348015613774        9.9708974252624635E-002
   162.97008359620145        9.9520283571559467E-002
   163.07668703560313        9.9331245139225033E-002
   163.18329047433022        9.9135151088064588E-002
   163.28989391236973        9.8929227818529974E-002
   163.39649734970854        9.8716620843586678E-002
   163.50310078633291        9.8504839670614491E-002
   163.60970422222897        9.8301212404918181E-002
   163.71630765738237        9.8109096325880343E-002
   163.82291109177845        9.7927489802178302E-002
   163.92951452540214        9.7752896555688709E-002
   164.03611795823792        9.7581235415817827E-002
   164.14272139026991        9.7409728623770661E-002
   164.24932482148176        9.7238669182389173E-002
   164.35592825185674        9.7071096588810288E-002
   164.46253168137756        9.6909917531662115E-002
   164.56913511002656        9.6755193596964717E-002
   164.67573853778552        9.6604118110076145E-002
   164.78234196463569        9.6453153918153581E-002
   164.88894539055789        9.6299926503558023E-002
   164.99554881553229        9.6143568064526383E-002
   165.10215223953853        9.5984267024468314E-002
   165.20875566255569        9.5823110711379167E-002
   165.31535908456220        9.5662318067524094E-002
   165.42196250553593        9.5505568404689545E-002
   165.52856592545399        9.5357992981703027E-002
   165.63516934429288        9.5224955376198628E-002
   165.74177276202838        9.5109391456769984E-002
   165.84837617863562        9.5009089294410015E-002
   165.95497959408880        9.4916695021777547E-002
   166.06158300836148        9.4823750020491954E-002
   166.16818642142636        9.4725425968119628E-002
   166.27478983325526        9.4621620125026187E-002
   166.38139324381916        9.4514997250993271E-002
   166.48799665308812        9.4409397211331084E-002
   166.59460006103123        9.4309101796195879E-002
   166.70120346761661        9.4217702621876953E-002
   166.80780687281134        9.4136681570035075E-002
   166.91441027658141        9.4064572921104844E-002
   167.02101367889168        9.3997905721480535E-002
   167.12761707970591        9.3934107350538504E-002
   167.23422047898666        9.3873497772389625E-002
   167.34082387669508        9.3817832369551296E-002
   167.44742727279115        9.3767596212053508E-002
   167.55403066723343        9.3721462248924095E-002
   167.66063405997906        9.3677297935541165E-002
   167.76723745098369        9.3632939809571852E-002
   167.87384084020132        9.3587505378463151E-002
   167.98044422758448        9.3543481400787734E-002
   168.08704761308385        9.3506982059591820E-002
   168.19365099664844        9.3484701398412931E-002
   168.30025437822533        9.3479990616572570E-002
   168.40685775775972        9.3491516726035701E-002
   168.51346113519466        9.3515048623942068E-002
   168.62006451047120        9.3545793269287719E-002
   168.72666788352808        9.3579306966107029E-002
   168.83327125430174        9.3612177291458751E-002
   168.93987462272611        9.3643459178244293E-002
   169.04647798873262        9.3674778751500917E-002
   169.15308135224998        9.3708498337241403E-002
   169.25968471320411        9.3746879764905672E-002
   169.36628807151777        9.3792511629845282E-002
   169.47289142711091        9.3847267922828367E-002
   169.57949477989990        9.3910560458221062E-002
   169.68609812979787        9.3980006907713451E-002
   169.79270147671417        9.4054001265704318E-002
   169.89930482055439        9.4132871269964960E-002
   170.00590816122013        9.4217783503089028E-002
   170.11251149860868        9.4309630005046718E-002
   170.21911483261292        9.4409387960347271E-002
   170.32571816312091        9.4518527932422339E-002
   170.43232149001580        9.4637944774886087E-002
   170.53892481317541        9.4766838934389919E-002
   170.64552813247212        9.4903775089904371E-002
   170.75213144777229        9.5049130460942821E-002
   170.85873475893609        9.5206371782743798E-002
   170.96533806581712        9.5381043886565028E-002
   171.07194136826192        9.5578233151423816E-002
   171.17854466610967        9.5799488327098545E-002
   171.28514795919173        9.6040234827629425E-002
   171.39175124733100        9.6289444407485575E-002
   171.49835453034152        9.6533382610538024E-002
   171.60495780802793        9.6762179614743496E-002
   171.71156108018482        9.6974907835825394E-002
   171.81816434659601        9.7180862413987004E-002
   171.92476760703397        9.7397500288994618E-002
   172.03137086125898        9.7643894466066736E-002
   172.13797410901833        9.7930746904674931E-002
   172.24457735004532        9.8255185754722529E-002
   172.35118058405857        9.8606351691229305E-002
   172.45778381076062        9.8975433069652577E-002
   172.56438702983701        9.9360168250812078E-002
   172.67099024095501        9.9762558121353553E-002
   172.77759344376224       0.10018520042455813     
   172.88419663788522       0.10063010693440209     
   172.99079982292767       0.10109959494274018     
   173.09740299846894       0.10159677585247437     
   173.20400616406187       0.10212426601025457     
   173.31060931923091       0.10268250372833504     
   173.41721246346964       0.10326984835261674     
   173.52381559623834       0.10388461060066470     
   173.63041871696109       0.10452681127598837     
   173.73702182502288       0.10519774044980532     
   173.84362491976606       0.10589779139718407     
   173.95022800048648       0.10662541176953828     
   174.05683106642977       0.10737852130599607     
   174.16343411678614       0.10815710555012312     
   174.27003715068579       0.10896494023270226     
   174.37664016719282       0.10980897350514961     
   174.48324316529909       0.11069622806244640     
   174.58984614391693       0.11163131240620527     
   174.69644910187125       0.11261752050739328     
   174.80305203789064       0.11366011479929575     
   174.90965495059703       0.11476734897566369     
   175.01625783849477       0.11594897387810961     
   175.12286069995696       0.11721426952307408     
   175.22946353321186       0.11856901336088616     
   175.33606633632533       0.12001174462827545     
   175.44266910718261       0.12153425983710643     
   175.54927184346610       0.12312858354003006     
   175.65587454263087       0.12479560043209027     
   175.76247720187598       0.12654821082689957     
   175.86907981811146       0.12840745437198844     
   175.97568238791982       0.13039573765086779     
   176.08228490751182       0.13253173036367102     
   176.18888737267432       0.13482863579661120     
   176.29548977870931       0.13729566036337165     
   176.40209212036220       0.13994160541529346     
   176.50869439173675       0.14277862723768917     
   176.61529658619415       0.14582492149115725     
   176.72189869623216       0.14910634114042767     
   176.82850071334036       0.15265633405821991     
   176.93510262782462       0.15651229273037348     
   177.04170442859407       0.16071096803904658     
   177.14830610290005       0.16528753969672086     
   177.25490763601445       0.17027889984190950     
   177.36150901082988       0.17572755280980443     
   177.46811020735956       0.18168514374041098     
   177.57471120210440       0.18821283268320724     
   177.68131196724633       0.19537639825037165     
   177.78791246960876       0.20324020558690117     
   177.89451266930035       0.21186837878063505     
   178.00111251792748       0.22132733778001745     
   178.10771195620069       0.23167702078754021     
   178.21431091068649       0.24294731366388453     
   178.32090928932419       0.25510964033148975     
   178.42750697511929       0.26804411526256006     
   178.53410381709546       0.28149587004823151     
   178.64069961699329       0.29501830257675632     
   178.74729410919707       0.30791438226510898     
   178.85388692949533       0.31919130090680514     
   178.96047756468295       0.32757934553804080     
   179.06706526776739       0.33174000005868126     
   179.17364890788707       0.33089767274971810     
   179.28022668777305       0.32618964205666112     
   179.38679556912021       0.32283990878259883     
   179.49334998137314       0.33226702899727500     
   179.59987850312982       0.37093129622810822     
   179.70635352133914       0.45062810347953014     
   179.81268748967651       0.55980119120686866     
   179.91839718513128       0.65304168173786858     
